0;1;2;3;4;5;6;7;8;9;10;11;12;13;14;15;16;17;18;19;20;21;22;23;24;25;26;27;28;29;30;31;32;33;34;35;36;37;38;39;40;41;42;43;44;45;46;47;48;49;50;51;52;53;54;55;56;57;58;59;60;61;62;63;64;65;66;67;68;69;70;71;72;73;74;75;76;77;78;79;80;81;82;83;84;85;86;87;88;89;90;91;92;93;94
-0.05609923;-0.0007404734;-0.00020124204;0.00031749136;8.0273865e-05;-0.0006078534;0.00015193426;-2.3887196e-07;-2.7329472e-05;-0.1212475;0.08106607;-0.049084086;-0.07304398;0.05875486;-0.055203393;-2.6998916e-05;0.00017969504;-9.4300805e-05;2.2784443e-06;0.19783029;2.9110146e-05;0.5175078;0.12054274;-0.07734269;0.8235843;0.020041928;-0.018076213;-0.10597343;6.59972e-05;0.53118473;0.07364827;-0.0698024;0.82973856;-0.020570984;0.011966906;-0.12794928;5.1491057e-05;2.4266083e-05;-5.7593745e-05;-0.5438779;0.05876518;-0.08141788;0.6253243;-0.09013963;-0.052443888;-0.2706815;0.0001652514;-7.8963974e-05;-0.5920427;0.08029446;-0.16779019;0.6379698;-0.092824064;0.08963471;-0.085765295;-0.7680759;0.11859637;0.10325151;0.442893;0.45252144;-0.41281235;0.4473433;0.48247248;0.4746209;-0.5547276;0.5304602;0.58333087;0.4772564;-0.007969478;0.58605987;0.6021007;0.36883783;0.025739964;0.59402883;0.67530483;-0.7717138;0.11524118;0.16863857;0.5001228;0.44785786;-0.11171325;0.45023516;0.50744253;0.48961878;-0.23060839;0.5578308;0.63733023;0.49081075;-0.06952822;0.672264;0.6457139;0.41224828;0.24908215;0.66509473;0.65506256
-0.056393456;0.0006210002;0.006134286;-1.1865399e-05;-1.7621525e-05;-0.0010383242;-0.00047834622;1.5273145e-08;9.63069e-06;-0.15803383;0.089469604;-0.019045148;-0.10484045;0.05644348;-0.037996802;6.2816674e-05;0.00028460426;2.0699808e-05;1.3527188e-05;0.26290601;1.9127678e-05;0.58210886;0.13134955;-0.087946475;0.91158724;0.035992313;-0.055076454;-0.15536289;-1.1306489e-05;0.630827;0.09184662;-0.06887343;0.9139989;-0.0065685958;0.003916096;-0.15539953;0.00010309706;-4.343732e-06;1.1078431e-05;-0.6548766;0.08732807;-0.13858064;0.7412125;-0.13374951;-0.10525809;-0.480702;0.00032440136;1.2674835e-05;-0.67867184;0.08714702;-0.2282784;0.76952523;-0.14443973;0.12182729;-0.1413365;-0.9566484;-0.52069527;-0.39477614;0.20459183;0.19086371;-0.68316805;-0.026707444;0.09366284;-0.18728022;-0.61917627;-0.44982547;0.08421461;-0.13090074;-0.050027516;-0.40385613;-0.009527646;-0.33703285;-0.41503784;-0.4846754;0.27430612;-0.94439656;-0.6328025;-0.3756487;0.23229931;-0.00021893019;0.20841314;-0.26099035;-0.036252543;-0.08254648;0.36334926;-0.4193299;-0.04354392;-0.38832194;-0.20415144;-0.44524583;0.17874914;-0.50388247;0.36641487;-0.312603;0.24348828
-0.052231427;-0.0012316958;0.005746043;-4.356727e-05;-1.5185389e-05;-0.001545185;-0.00021079578;6.346212e-07;8.0860555e-06;-0.19218339;0.08220384;0.050836954;-0.14827949;0.04359757;0.04040748;4.767849e-05;0.00021710234;2.4279143e-05;3.427047e-05;0.2649741;2.6131194e-05;0.59595436;0.13550705;-0.090442106;0.9147623;0.01636578;-0.07723476;-0.1319541;-1.2210818e-05;0.65083903;0.07234459;-0.068916805;0.9286851;-0.027670285;-0.0009708288;-0.15501419;9.395053e-05;-5.2522446e-06;9.487732e-06;-0.6912176;0.1344689;-0.10177517;0.7440008;-0.12483175;-0.14239828;-0.46362004;0.00028869568;1.5509431e-05;-0.70558465;0.09631125;-0.23735999;0.8087008;-0.09782905;0.15992665;-0.25496;-0.9750915;-0.44317988;-0.4049982;0.1861043;0.2833815;-0.7149254;0.091933966;0.17318259;-0.05180387;-0.79872036;-0.29570848;0.10691192;0.017640144;0.23446313;-0.25741208;-0.031249491;-0.26835865;-0.35666424;-0.34971452;0.33575687;-0.9453917;-0.23556787;-0.44320068;0.1710478;0.03028632;0.23333843;-0.31571293;-0.031118143;0.080188036;0.35299954;-0.24627891;0.26959917;-0.08247183;-0.29017854;-0.056013998;0.41481727;-0.22157928;0.31863192;-0.15713125;0.46787348
-0.05228937;-0.002398115;0.001364945;-9.493786e-06;-2.6102643e-06;-0.0023900727;-0.00035583964;1.0220598e-06;1.1976517e-06;-0.2139835;0.06901958;0.07663482;-0.17372131;0.029099768;0.073338516;1.1399332e-05;0.00028954563;1.6240607e-05;3.0635485e-05;0.27055043;2.9978073e-05;0.5922666;0.14259423;-0.08800661;0.9071783;0.0049975594;-0.06789645;-0.13358755;-6.0948223e-06;0.64553934;0.07069059;-0.07242742;0.9292426;-0.033012297;0.0053225583;-0.16361523;0.00010861305;-3.0073788e-06;9.4852294e-07;-0.6973529;0.1529494;-0.11210748;0.7449744;-0.11136848;-0.13359517;-0.46465373;0.00036580005;8.091505e-06;-0.67289317;0.09031509;-0.222725;0.7772352;0.00742485;0.16867419;-0.29919276;-0.9725727;-0.27847514;-0.26431102;0.23462829;0.3901593;-0.71731126;0.25693083;0.31958276;0.2510254;-0.8891015;0.02972989;0.22400688;0.30879772;0.48031572;0.055168197;0.092389315;-0.016503176;-0.13795005;0.08683945;0.50314647;-0.928506;0.16983368;-0.3458156;0.1924333;0.242138;0.17006914;-0.11221455;0.25755623;0.40568084;0.20591107;0.1696205;0.66478735;0.3092113;-0.32297903;0.44564617;0.73572403;0.14716074;0.24441788;0.26706618;0.7659478
-0.054378957;-0.003508729;0.0008603145;-1.1534081e-05;-9.13025e-06;-0.0026201399;-0.0006177771;9.770202e-07;6.816772e-07;-0.18899827;0.072255835;0.1183078;-0.15097776;0.030949198;0.120898746;2.8570446e-05;0.00036968593;2.5098532e-05;1.7156788e-05;0.27824724;2.7754904e-05;0.5912617;0.14433937;-0.088467136;0.9126304;-0.0052628904;-0.06443949;-0.14524186;-1.1849974e-05;0.64656186;0.07350553;-0.07220262;0.92809296;-0.025510328;0.009729784;-0.16792125;0.00012602287;-4.4731787e-06;5.8666774e-06;-0.6878821;0.14873351;-0.12132261;0.73968613;-0.09389725;-0.12876016;-0.45911083;0.00045302883;1.3382203e-05;-0.6675481;0.09664259;-0.19460048;0.77656144;0.089309216;0.15272696;-0.28612927;-0.97569966;-0.3858913;-0.24189174;0.2131107;0.3526952;-0.7628524;0.22716941;0.2984672;0.24185582;-0.9105529;-0.03391543;0.15152678;0.28620178;0.5036134;-0.024818486;0.029316692;-0.04190764;-0.13202384;0.06908822;0.48529252;-0.9341728;-0.06495455;-0.33718446;0.17691752;0.26824415;0.13980058;-0.10712351;0.29103974;0.4311024;0.15671179;0.16158405;0.71260095;0.27488133;-0.2296805;0.3838547;0.7761512;0.16451184;0.36287317;0.335525;0.80113083
-0.055236574;-0.0043884073;0.0009449954;-3.481563e-05;-1.9808038e-05;-0.0026090643;-0.00064904545;9.357651e-07;4.046393e-06;-0.17573582;0.07851341;0.14222759;-0.14026715;0.036286373;0.14949939;2.7982025e-05;0.00039007614;3.6793645e-05;1.4645117e-05;0.27749935;2.4234247e-05;0.60055363;0.14568825;-0.09282229;0.93046093;-0.0040507033;-0.06881738;-0.15198489;-1.9754123e-05;0.6509605;0.07083974;-0.07357367;0.9315756;-0.013477887;0.011531746;-0.16835387;0.00012729553;-6.964314e-06;1.36234885e-05;-0.6846266;0.153429;-0.09944694;0.72474533;-0.09340795;-0.12293848;-0.42976588;0.0004709851;2.2007822e-05;-0.68990344;0.118407026;-0.1893156;0.7850988;0.13087565;0.14614551;-0.26686087;-0.9806083;-0.46831036;-0.24855588;0.20647275;0.325483;-0.79181683;0.22304675;0.28232455;0.20219584;-0.91380703;-0.08336949;0.11215127;0.24500851;0.40853962;-0.08054057;0.018005481;-0.070362754;-0.21010497;0.032645613;0.47891796;-0.94327426;-0.22080901;-0.33812633;0.19430679;0.22497399;0.10236956;-0.13100864;0.27546048;0.39267874;0.12932605;0.10821512;0.7116253;0.23779303;-0.09004314;0.33343393;0.78092337;0.17859669;0.49576634;0.35178944;0.79814774
-0.055444136;-0.004735337;0.00085111725;-5.249679e-05;-2.7717004e-05;-0.0027656571;-0.0006138113;9.854713e-07;7.3347546e-06;-0.17341974;0.08092599;0.15337856;-0.13969673;0.03762566;0.16372572;2.298751e-05;0.00038430575;4.5315188e-05;1.2125467e-05;0.27390993;2.2608256e-05;0.61032575;0.14812076;-0.09774494;0.9446651;-0.0012849272;-0.07323325;-0.16084704;-2.5733098e-05;0.65456736;0.068769015;-0.07488714;0.93471694;-0.0036173637;0.012930917;-0.16864122;0.00012218856;-8.991461e-06;1.9392784e-05;-0.6855724;0.15882912;-0.0756008;0.71131366;-0.0982844;-0.12396926;-0.4168991;0.000462867;2.8498354e-05;-0.71048576;0.13124597;-0.20123513;0.7901322;0.1495815;0.17036103;-0.24634075;-0.98206246;-0.5015257;-0.22185493;0.21754074;0.30290395;-0.7915261;0.23315024;0.28120348;0.17350645;-0.90609294;-0.0920381;0.106059946;0.22424032;0.27860877;-0.074958354;0.034274746;-0.081835836;-0.27109212;0.047305163;0.48408982;-0.94885296;-0.25785303;-0.3331382;0.2138722;0.20631473;0.067126766;-0.10388894;0.2970798;0.36508128;0.101256296;0.09961014;0.7231995;0.23383303;0.0010732817;0.34519386;0.7987948;0.21378058;0.56430274;0.39635852;0.80982554
-0.055704847;-0.0048221;0.0009029937;-7.023977e-05;-3.5242294e-05;-0.0029038822;-0.0005520058;1.0431062e-06;1.0416872e-05;-0.1726958;0.07918183;0.1610274;-0.1404519;0.035018303;0.17318648;2.7444346e-05;0.0003582132;5.344476e-05;6.3304324e-06;0.26944026;2.159752e-05;0.6172206;0.1511771;-0.102607556;0.95353633;0.0039518713;-0.07295565;-0.16849442;-3.150072e-05;0.65795296;0.069058046;-0.07552961;0.9368337;-0.0015017806;0.0139828855;-0.16877247;0.00011244005;-1.099689e-05;2.4862835e-05;-0.69172174;0.1626736;-0.064073585;0.70424485;-0.10422316;-0.12837118;-0.40682507;0.00043614977;3.458056e-05;-0.7282375;0.1424168;-0.2110548;0.79750764;0.15853491;0.19737443;-0.22200833;-0.98222625;-0.5093472;-0.18588679;0.23203193;0.2891731;-0.7797367;0.24608992;0.28763992;0.15743907;-0.8958109;-0.09015638;0.105388954;0.21095972;0.1651788;-0.06028381;0.038983025;-0.08613784;-0.3077951;0.069455855;0.4775118;-0.9530095;-0.2771512;-0.33496606;0.22330047;0.21360724;0.039996147;-0.05568782;0.33645546;0.353826;0.0676478;0.10872417;0.7393951;0.24406293;0.04648805;0.3666759;0.8146326;0.24816373;0.5970522;0.4505574;0.8230493
-0.056082744;-0.004968705;0.0013925573;-8.512975e-05;-4.1466177e-05;-0.0029998603;-0.00044951902;1.0986474e-06;1.2962511e-05;-0.17502058;0.07718728;0.17599669;-0.14445134;0.031586535;0.19056062;3.5748024e-05;0.00032311468;6.013704e-05;-1.2136843e-06;0.26448253;2.0743486e-05;0.62138057;0.15437862;-0.107499346;0.9589477;0.011464199;-0.06891011;-0.17266984;-3.6242433e-05;0.66031665;0.07103101;-0.07581615;0.9382493;-0.0033480432;0.014430993;-0.16878219;9.992573e-05;-1.2671822e-05;2.9400515e-05;-0.7000014;0.16581966;-0.059537787;0.69914174;-0.112635955;-0.13103938;-0.39059007;0.0003984703;3.9428793e-05;-0.7430288;0.15391287;-0.2134511;0.80222565;0.16102482;0.21461536;-0.2027066;-0.9819019;-0.49498212;-0.15100273;0.2481313;0.2944138;-0.76364183;0.26775104;0.30364972;0.16498122;-0.88827324;-0.06861703;0.11421872;0.21741739;0.08564609;-0.031907834;0.04233429;-0.07528134;-0.32487306;0.10477349;0.47085595;-0.9548394;-0.28838906;-0.33590192;0.23393165;0.24099222;0.009740595;0.012541393;0.38449636;0.36453167;0.017067121;0.1526358;0.7628236;0.27707538;0.070519924;0.40986848;0.8304222;0.29524735;0.61131674;0.5155517;0.8371369
-0.056657985;-0.0052425405;0.0024025936;-9.782263e-05;-4.659174e-05;-0.0031111941;-0.00032349786;1.1662299e-06;1.5141166e-05;-0.17935458;0.07798631;0.20415902;-0.15077934;0.029640812;0.2226425;4.556262e-05;0.00028982255;6.568257e-05;-9.956217e-06;0.26064026;2.0018804e-05;0.6241725;0.1577422;-0.1123097;0.9624342;0.019556277;-0.063413866;-0.17446464;-4.011135e-05;0.6622265;0.0742964;-0.075878575;0.940104;-0.006202497;0.014350828;-0.16897456;8.7156666e-05;-1.4087811e-05;3.3185075e-05;-0.7085006;0.16857058;-0.058489062;0.69512755;-0.12293601;-0.12933876;-0.37181538;0.00035990652;4.3350854e-05;-0.7553238;0.16300622;-0.20968968;0.80219424;0.15850699;0.22409083;-0.19511652;-0.9815397;-0.4677736;-0.12039526;0.26598078;0.31650245;-0.7461414;0.29430854;0.3261018;0.19240731;-0.884279;-0.028896721;0.13337328;0.24099597;0.030950006;0.010403097;0.049502615;-0.055126946;-0.33373535;0.14924598;0.4694479;-0.95496804;-0.29328898;-0.33236152;0.25079608;0.28091934;-0.027585154;0.09947007;0.4366943;0.39118043;-0.04691424;0.23145197;0.79016066;0.3233143;0.08201421;0.46989122;0.8466141;0.34981743;0.6134182;0.5838938;0.85187554
-0.057443243;-0.005428392;0.00361138;-0.0001096488;-5.0540257e-05;-0.0032456317;-0.00019947058;1.2406432e-06;1.7015307e-05;-0.18380545;0.08168788;0.24377152;-0.15754205;0.02946026;0.26709813;5.5847973e-05;0.0002629473;7.0103386e-05;-1.8206247e-05;0.25899717;1.9257459e-05;0.62597734;0.16050258;-0.11609527;0.9646262;0.026418075;-0.057209678;-0.17500469;-4.3124906e-05;0.66375905;0.07828513;-0.07587225;0.9427703;-0.0073662214;0.014006645;-0.1692777;7.5985416e-05;-1.5247184e-05;3.616829e-05;-0.7160573;0.17116237;-0.058153268;0.69339305;-0.13079707;-0.12165243;-0.354181;0.00032683852;4.655146e-05;-0.76325446;0.16505739;-0.20180257;0.7963218;0.15320776;0.23035635;-0.19484396;-0.981665;-0.4362172;-0.095545955;0.28379247;0.34792855;-0.7327577;0.3186382;0.34661567;0.22698037;-0.8831737;0.018528512;0.15611944;0.26953897;-0.017231358;0.05934537;0.057956856;-0.035202388;-0.34826207;0.19192915;0.4700269;-0.95450026;-0.28951508;-0.32377136;0.27311575;0.3258348;-0.069183774;0.19601433;0.489211;0.4220053;-0.10870199;0.3240773;0.8137346;0.36955434;0.08797582;0.5291677;0.8597041;0.40134144;0.60795856;0.64254194;0.8644226
-0.05832024;-0.0052874587;0.0046520443;-0.00012054469;-5.3056545e-05;-0.003411589;-0.000116045485;1.3078335e-06;1.854157e-05;-0.18837303;0.08682552;0.28820902;-0.16476223;0.030152202;0.31615826;6.753615e-05;0.0002461292;7.3233154e-05;-2.500651e-05;0.25971678;1.8386352e-05;0.62684774;0.1617806;-0.11810918;0.9657277;0.031940408;-0.05117604;-0.17444225;-4.5192413e-05;0.66488886;0.08175111;-0.07565152;0.94561625;-0.0063652406;0.013958282;-0.16935441;6.844301e-05;-1.6116239e-05;3.8135273e-05;-0.72171766;0.17462017;-0.055494357;0.691088;-0.13243051;-0.107601136;-0.3414485;0.00030501434;4.9013994e-05;-0.7648474;0.1579442;-0.19088852;0.78300697;0.14771833;0.23841074;-0.19530086;-0.982509;-0.40902176;-0.07844262;0.2980322;0.37643707;-0.7289949;0.33031535;0.35455263;0.2549824;-0.88419265;0.056603927;0.16928087;0.2895685;-0.06851879;0.09909178;0.056150924;-0.024929354;-0.3768139;0.21660158;0.46174115;-0.9541806;-0.276656;-0.31355295;0.29525796;0.36555538;-0.10329774;0.28385046;0.53530425;0.44580516;-0.14803803;0.40287358;0.82723886;0.40390193;0.09262625;0.57155854;0.86630386;0.43753502;0.60000205;0.68147963;0.87212086
-0.059121724;-0.0048095905;0.0054173074;-0.0001306634;-5.453729e-05;-0.003652107;-0.00011162509;1.3613036e-06;1.992406e-05;-0.19557364;0.092412345;0.33075607;-0.17509083;0.031215502;0.36239403;8.391322e-05;0.00024322019;7.563422e-05;-3.156364e-05;0.2626593;1.7467817e-05;0.62770367;0.16165935;-0.11866983;0.96616024;0.03697251;-0.046810817;-0.17239554;-4.667339e-05;0.66624874;0.08348637;-0.0750381;0.9483265;-0.005030567;0.014236519;-0.16930978;6.619461e-05;-1.6842598e-05;3.933636e-05;-0.72493166;0.18033414;-0.04802563;0.6812979;-0.12600774;-0.08859937;-0.33629975;0.00029926852;5.1080366e-05;-0.7609456;0.14403847;-0.17779648;0.7599985;0.14538923;0.25117;-0.19678193;-0.9839332;-0.3932258;-0.06927208;0.30684873;0.39636254;-0.73359865;0.32772738;0.3505413;0.27343047;-0.8869219;0.07967903;0.16869624;0.2983264;-0.119232535;0.12429379;0.041006368;-0.02479252;-0.41538745;0.21964692;0.43859968;-0.95410734;-0.25291365;-0.3025513;0.31439617;0.39555138;-0.119616956;0.35325858;0.57365316;0.46287662;-0.15602578;0.46067658;0.8313197;0.42540222;0.09020958;0.5977107;0.8673601;0.45720506;0.59219515;0.70412946;0.87576866
-0.05966493;-0.004061666;0.005913728;-0.00014077825;-5.5469893e-05;-0.003996339;-0.00021196788;1.3904547e-06;2.1364074e-05;-0.2073774;0.097998574;0.3636136;-0.19067053;0.033054683;0.39742517;0.000108293316;0.00025470142;7.7903795e-05;-3.9347393e-05;0.2678443;1.6492257e-05;0.6295703;0.16034853;-0.11832953;0.9665921;0.042586207;-0.045001335;-0.16898106;-4.7949536e-05;0.6686991;0.083647855;-0.07418712;0.95144624;-0.0047862045;0.0140021555;-0.16985273;6.971732e-05;-1.7589184e-05;4.0113257e-05;-0.72512877;0.18810166;-0.035453413;0.6592036;-0.11203944;-0.06375916;-0.34299147;0.0003106397;5.3129916e-05;-0.7532391;0.12610535;-0.16312394;0.7247064;0.14820565;0.2680939;-0.20338328;-0.98575044;-0.39348453;-0.0681068;0.308239;0.40872893;-0.741041;0.31515867;0.34132984;0.28355223;-0.8901263;0.088991106;0.15509169;0.29728717;-0.16932532;0.13829055;0.017330278;-0.03213037;-0.4581651;0.20518422;0.40009215;-0.95409113;-0.21534628;-0.28822762;0.33156925;0.4153446;-0.109515;0.40141895;0.60371035;0.47570568;-0.12681338;0.4997651;0.8273555;0.43268922;0.06615569;0.61015654;0.86423737;0.46172866;0.5842959;0.7159463;0.87661046
-0.059772335;-0.003082833;0.006102997;-0.00014949695;-5.5432523e-05;-0.004412776;-0.00042112876;1.3682833e-06;2.2633292e-05;-0.2227522;0.10236087;0.37629813;-0.21062657;0.03593417;0.4099407;0.0001423959;0.00027779915;7.947386e-05;-4.8527058e-05;0.27489346;1.5575908e-05;0.6326165;0.15721236;-0.117186725;0.9675484;0.049301997;-0.045510784;-0.16390388;-4.8668633e-05;0.6725727;0.083197296;-0.073326334;0.9555145;-0.005597372;0.0125595825;-0.17112722;7.871842e-05;-1.8234605e-05;4.0176732e-05;-0.7211517;0.1959006;-0.019630576;0.62535787;-0.09162537;-0.028375894;-0.3679869;0.00033649022;5.475935e-05;-0.7423082;0.10548119;-0.1472419;0.676047;0.15368931;0.2879679;-0.21840288;-0.9878521;-0.40939105;-0.079142086;0.2962071;0.41471517;-0.74679124;0.2905982;0.32884517;0.28448284;-0.8921931;0.08006347;0.12621793;0.2870725;-0.22823946;0.14003187;-0.011941667;-0.044851355;-0.5037478;0.17267108;0.34722492;-0.9542143;-0.16517723;-0.27037987;0.34528917;0.4208567;-0.057624135;0.42220977;0.61907613;0.48002335;-0.045821823;0.51810265;0.8123598;0.41555393;0.008709758;0.6030797;0.8541719;0.4442592;0.5752747;0.7149255;0.87233734
-0.059310697;-0.0019391836;0.0058756014;-0.0001532567;-5.339645e-05;-0.004844281;-0.00073056744;1.2740944e-06;2.3304063e-05;-0.2389502;0.10281947;0.35343087;-0.23196049;0.03912019;0.38363597;0.00018278396;0.00031494413;7.8879035e-05;-5.7138135e-05;0.28266925;1.5475547e-05;0.63617057;0.15143627;-0.11488242;0.9692255;0.0551063;-0.048365936;-0.15513077;-4.796659e-05;0.6778101;0.0830714;-0.072822;0.96038073;-0.004940534;0.010055009;-0.1717623;9.440022e-05;-1.8453306e-05;3.8793136e-05;-0.71282566;0.2016839;-0.001867701;0.58849436;-0.059878144;0.022003688;-0.41295102;0.000378578;5.4975622e-05;-0.7268869;0.08281029;-0.13244373;0.6151716;0.15889789;0.3097586;-0.24230419;-0.9899496;-0.4284035;-0.105827376;0.2686804;0.41480035;-0.7472307;0.24840385;0.3125217;0.27676255;-0.89128846;0.05018041;0.08934308;0.27302542;-0.30410695;0.1285382;-0.039371494;-0.054506566;-0.5511026;0.12702821;0.2901104;-0.954717;-0.11249911;-0.2549216;0.3474866;0.40601712;0.05196581;0.40715683;0.6086544;0.47253162;0.10087333;0.513245;0.7799533;0.36347207;-0.08517673;0.56795174;0.8294112;0.39422372;0.5608661;0.6924656;0.8559191
-0.05825117;-0.0008943734;0.005099348;-0.00015001069;-4.8975984e-05;-0.0052501983;-0.0011413788;1.1161725e-06;2.3251487e-05;-0.25416577;0.09421346;0.27445185;-0.25199887;0.039183233;0.2968123;0.00021985453;0.0003766067;7.520255e-05;-6.088922e-05;0.2891603;1.7282564e-05;0.638424;0.14348257;-0.11116123;0.97169346;0.054723836;-0.055207014;-0.13889752;-4.5455163e-05;0.68421286;0.0835048;-0.07309005;0.96512926;0.0041587707;0.0076679043;-0.16935998;0.00012003464;-1.8084625e-05;3.5636273e-05;-0.7017755;0.20781823;0.023000335;0.55598176;0.0009897123;0.083899885;-0.46453416;0.00044667977;5.3348776e-05;-0.7026258;0.061050147;-0.12149825;0.5367382;0.16999619;0.33421308;-0.28175768;-0.99160534;-0.4343949;-0.14496008;0.23993583;0.4101567;-0.7402084;0.18955018;0.29602346;0.26132545;-0.88645107;0.007333594;0.0730001;0.26437715;-0.38811222;0.1122947;-0.044019625;-0.044570766;-0.5935882;0.09312523;0.25023773;-0.9559687;-0.08446915;-0.25457445;0.3250494;0.3629991;0.22266203;0.34115836;0.55025285;0.454039;0.31604004;0.4822822;0.7216788;0.27612785;-0.2209566;0.49431467;0.7747012;0.3058694;0.5284886;0.63193214;0.8136744
-0.057066146;-0.0004381632;0.003807579;-0.00013958558;-4.3715583e-05;-0.005406575;-0.0015526694;8.657022e-07;2.2644352e-05;-0.26450017;0.071569964;0.14180106;-0.2659353;0.029925771;0.14926776;0.00024525553;0.00045078192;6.966392e-05;-5.5999506e-05;0.29226047;2.027543e-05;0.63803387;0.13527545;-0.106536984;0.97491825;0.040674124;-0.064777546;-0.11528732;-4.1928943e-05;0.690103;0.08311411;-0.07362496;0.9679812;0.029993149;0.00750721;-0.16315761;0.00015119876;-1.7254053e-05;3.181609e-05;-0.6873704;0.21557502;0.06326763;0.51248986;0.082107715;0.1469189;-0.5010499;0.0005266883;5.0663686e-05;-0.6671308;0.044090167;-0.112350576;0.43230557;0.19891374;0.37147775;-0.36798555;-0.9929799;-0.4341541;-0.20052934;0.22051768;0.4059971;-0.7351324;0.12099516;0.2729283;0.23416589;-0.8828286;-0.046965104;0.08385758;0.25659344;-0.45390522;0.09627082;-0.014794508;-0.01706807;-0.62287533;0.080974065;0.23197004;-0.9586439;-0.10292694;-0.28420904;0.2703029;0.29359904;0.438026;0.21750852;0.426028;0.41137764;0.57138115;0.41874683;0.63616407;0.16164568;-0.40890568;0.37132758;0.6652093;0.18104511;0.46451816;0.51825774;0.7184576
-0.057329528;-0.00038796687;0.0033060666;-0.00012787536;-4.0355953e-05;-0.0048099887;-0.0017177836;4.5838794e-07;2.1976186e-05;-0.25946394;0.045017492;0.0055867685;-0.26229498;0.017074982;-0.0082890345;0.00023441581;0.0005097563;6.435506e-05;-4.029677e-05;0.2940798;2.029723e-05;0.6380821;0.12599833;-0.10248352;0.9790008;0.01708321;-0.07034875;-0.0956784;-3.8533748e-05;0.6945547;0.08416009;-0.07413355;0.96821487;0.062051125;0.005567908;-0.1572038;0.0001740175;-1.6205136e-05;2.9521907e-05;-0.6754637;0.21162432;0.10925896;0.45527685;0.12810746;0.19222943;-0.5193476;0.0005786701;4.815159e-05;-0.6271613;0.02100992;-0.1131443;0.31667492;0.24812615;0.4196562;-0.5006083;-0.9944672;-0.45280188;-0.27195796;0.20452991;0.4068645;-0.7512501;0.052408434;0.22524233;0.20061657;-0.8851764;-0.12125608;0.081920095;0.232355;-0.49710298;0.06737738;0.028937103;-0.007891074;-0.6502279;0.06770564;0.22691686;-0.9626231;-0.16528602;-0.34718525;0.19156775;0.22423074;0.63737965;0.06991233;0.2718837;0.32677606;0.7606597;0.30685827;0.5267055;0.021976843;-0.5936073;0.18083796;0.4809908;0.032118317;0.3858418;0.3557809;0.52596086
-0.059152752;-0.0006538819;0.004075807;-0.000113095506;-3.6075944e-05;-0.0036701316;-0.0016134097;2.1309802e-08;2.0240419e-05;-0.2352029;0.02777653;-0.11402863;-0.23708159;0.012874649;-0.14815539;0.00018283572;0.00055258244;5.577074e-05;-1.926146e-05;0.30050966;1.634895e-05;0.6393967;0.114041984;-0.098140985;0.982115;-0.001236805;-0.06865244;-0.082265735;-3.2687603e-05;0.6972249;0.08856055;-0.07474325;0.9655782;0.077618;-0.003946173;-0.15347005;0.00018319295;-1.4186815e-05;2.6919966e-05;-0.6719049;0.18823451;0.14597823;0.410997;0.13010821;0.20957938;-0.53270185;0.00059814466;4.3129694e-05;-0.57707;-0.019109586;-0.12507182;0.20106252;0.30172968;0.46614823;-0.5990507;-0.9955462;-0.4913349;-0.33341348;0.19615287;0.40864336;-0.78133225;-0.0036726198;0.16601363;0.18535966;-0.89208454;-0.17371602;0.07273265;0.20399272;-0.49771473;0.03931868;0.068890445;-0.019415023;-0.66825104;0.06546298;0.23799448;-0.96209234;-0.23999432;-0.4227597;0.11836294;0.20568644;0.73634535;-0.018710157;0.1587639;0.24339817;0.8030923;0.17291492;0.40964764;-0.088068575;-0.6641747;-0.03921109;0.26689482;-0.08083754;0.34850523;0.1764687;0.24452236
-0.06079743;-0.0020295961;0.0052294564;-9.73969e-05;-3.0471943e-05;-0.0025819931;-0.0014223423;-2.811604e-07;1.7598897e-05;-0.20518439;0.020899536;-0.19409193;-0.2053441;0.015095819;-0.24115461;0.00013049736;0.0005727173;4.5004825e-05;-3.0416231e-06;0.3118901;1.1019038e-05;0.6395779;0.1044473;-0.09380417;0.9835306;-0.0054167216;-0.063971475;-0.070758834;-2.5074303e-05;0.69692284;0.09280677;-0.073090814;0.96057343;0.066161215;-0.015747821;-0.14973363;0.00018036197;-1.1579126e-05;2.3511559e-05;-0.6721524;0.15496519;0.16888593;0.39641663;0.10862002;0.20310579;-0.54048;0.00059258664;3.640994e-05;-0.51956505;-0.07000009;-0.123470075;0.11144118;0.31954792;0.50426376;-0.60854536;-0.9959178;-0.51208884;-0.3712409;0.20228593;0.41450775;-0.8088747;-0.038834892;0.12627998;0.19867499;-0.9050885;-0.16467962;0.10459101;0.20715147;-0.43701994;0.032836437;0.10819588;-0.016404869;-0.6602071;0.08895233;0.2648268;-0.9548797;-0.37650985;-0.492512;0.07149319;0.2422409;0.72633165;-0.0323199;0.08714177;0.18099923;0.67776716;0.007037158;0.28600007;-0.1677693;-0.5523881;-0.28460026;0.07716565;-0.16397664;0.41820747;-0.022753706;-0.045135736
-0.06116083;-0.0051687327;0.0060325162;-8.085405e-05;-2.4518522e-05;-0.0016503223;-0.0012187329;-4.531297e-07;1.4457633e-05;-0.17957139;0.018152017;-0.22266111;-0.17875716;0.015673734;-0.27695397;0.0001161762;0.0005380424;3.4324505e-05;3.0800602e-06;0.32267848;6.523991e-06;0.63570917;0.10135292;-0.0915183;0.9840951;-0.0012587953;-0.059638582;-0.062078945;-1.7452854e-05;0.6920796;0.09237495;-0.06809071;0.9536605;0.039339256;-0.021872422;-0.14188421;0.00016138432;-8.778836e-06;1.9648898e-05;-0.66669637;0.12454107;0.18901402;0.40553957;0.07008991;0.19405597;-0.5273027;0.00054345524;2.9502233e-05;-0.46450672;-0.12658821;-0.09854704;0.065895334;0.27912936;0.5179517;-0.49440414;-0.995643;-0.5026418;-0.38660842;0.22590491;0.4220507;-0.82858825;-0.0747992;0.105114385;0.21802023;-0.9230348;-0.115652114;0.1910643;0.24076775;-0.33871278;0.042161427;0.14906369;0.0144121265;-0.63139665;0.12277544;0.28930756;-0.9479281;-0.6559005;-0.5642863;0.03871394;0.2653101;0.59004277;-0.045306776;-0.014519852;0.08099837;0.18551876;-0.25516525;0.092804074;-0.2984402;-0.11144271;-0.59716547;-0.1349234;-0.2968312;0.6086869;-0.31102917;-0.34092003
-0.0600226;-0.009211488;0.0059783664;-6.6327746e-05;-1.9629078e-05;-0.0004886287;-0.0009657784;-6.528145e-07;1.1521086e-05;-0.1675227;0.008358742;-0.21536855;-0.16792743;0.0063636554;-0.2749626;0.00014352275;0.00043529502;2.5974703e-05;2.0132939e-07;0.32626462;3.5769335e-06;0.626088;0.105611295;-0.0923517;0.98432386;-0.003612493;-0.048659045;-0.062123474;-1.1714161e-05;0.6832833;0.08748069;-0.06343291;0.9439576;0.023999354;-0.018470936;-0.12732592;0.0001271493;-6.1749306e-06;1.6192062e-05;-0.65683603;0.10953516;0.21873482;0.42473832;0.018724369;0.19021326;-0.49944386;0.00044407815;2.3835775e-05;-0.42686898;-0.18342455;-0.086928904;0.051122896;0.20330009;0.4884576;-0.2434607;-0.9949156;-0.47719896;-0.3860312;0.26553547;0.44174117;-0.8328612;-0.12768236;0.079925;0.25374448;-0.9359577;-0.05306735;0.3079901;0.29584357;-0.27683923;0.079555586;0.19621329;0.07488661;-0.6020517;0.15923478;0.30889875;-0.9578287;-0.8944834;-0.64976466;-0.00026254356;0.21475746;0.29958618;-0.129021;-0.18731964;-0.07226341;-0.5235297;-0.50882006;-0.15403332;-0.49398085;0.4750483;-0.8285093;-0.36230955;-0.48376447;0.7828024;-0.60091954;-0.59846735
-0.05795395;-0.011915638;0.0052778516;-5.9856335e-05;-1.6317354e-05;0.0010500655;-0.0007069323;-9.641279e-07;9.885451e-06;-0.1676754;-0.010810456;-0.18721017;-0.17130527;-0.01224236;-0.24973509;0.0001674601;0.0003289372;2.1179207e-05;-5.785805e-06;0.3185862;-1.07160304e-07;0.61212033;0.11541198;-0.09586776;0.9841455;-0.016999561;-0.029125191;-0.075663455;-8.736402e-06;0.6751342;0.08456522;-0.06385997;0.93228775;0.032140225;-0.010412556;-0.11206619;9.404625e-05;-4.4829867e-06;1.3518773e-05;-0.6542859;0.116238736;0.25298437;0.44509578;-0.035889942;0.17596522;-0.48530072;0.0003471471;2.0668958e-05;-0.41892534;-0.2357413;-0.13265075;0.047352903;0.12512882;0.43268493;0.07994473;-0.9939421;-0.46094263;-0.3813011;0.2931248;0.47312567;-0.80558527;-0.19894737;0.03500694;0.30358642;-0.9281081;-0.035120595;0.392547;0.34455755;-0.33207503;0.12553169;0.23511256;0.12658754;-0.6028328;0.15055542;0.33370405;-0.977277;-0.97391665;-0.73715484;-0.039047297;0.10379096;-0.040339068;-0.26801264;-0.37311277;-0.19940996;-0.82440615;-0.61955273;-0.30968836;-0.66611445;0.7286532;-0.9179308;-0.49382848;-0.64108443;0.8546601;-0.75691956;-0.72407377
-0.056260273;-0.012117726;0.0043821977;-5.2277348e-05;-1.0469201e-05;0.0025554984;-0.00053273543;-1.2486252e-06;8.117335e-06;-0.1524621;-0.021105606;-0.1605058;-0.15804087;-0.021400787;-0.22151187;0.00014067117;0.00029891936;1.3817509e-05;-1.0053569e-05;0.30496696;-6.601891e-06;0.5983015;0.123132296;-0.09957037;0.98369366;-0.027917009;-0.016200218;-0.095777914;-4.2605825e-06;0.6713719;0.08305536;-0.06686589;0.92434996;0.044605833;-0.007200542;-0.1075857;7.678977e-05;-2.8175564e-06;8.96315e-06;-0.66288084;0.13097955;0.26420212;0.48169082;-0.085238114;0.16432521;-0.46553928;0.00031424762;1.6095932e-05;-0.41821447;-0.28691506;-0.1894273;0.067809075;0.0677433;0.38990784;0.40079337;-0.99249345;-0.4739901;-0.3767496;0.2948283;0.4928562;-0.74538;-0.26138115;-0.0026187536;0.3168567;-0.8866162;-0.122614175;0.4033948;0.34047118;-0.47470996;0.11733368;0.24283414;0.12977023;-0.63113976;0.06164494;0.34870568;-0.98771614;-0.990946;-0.80264485;-0.068564765;-0.01820189;-0.27092654;-0.40114596;-0.5346678;-0.2201745;-0.8898128;-0.5839475;-0.33008957;-0.7645088;0.7526663;-0.94512445;-0.50580245;-0.74818486;0.8541272;-0.80562174;-0.73733944
-0.055469587;-0.0102681415;0.0031997159;-3.5920297e-05;-4.1964813e-07;0.0036884332;-0.0005149165;-1.4592954e-06;4.7553403e-06;-0.1263303;-0.015160538;-0.1479419;-0.13092683;-0.013867866;-0.20338775;9.2417176e-05;0.0003355337;6.810296e-08;-1.4953817e-05;0.2927076;-1.4036792e-05;0.5861311;0.123536356;-0.10133815;0.9831967;-0.017770141;-0.011875798;-0.11487945;3.9725855e-06;0.6713339;0.080597006;-0.06922309;0.92403096;0.045526933;-0.012480833;-0.11716217;7.5664095e-05;-3.423338e-07;1.512235e-06;-0.67560256;0.14105746;0.24203596;0.5292681;-0.11320354;0.18126409;-0.40718785;0.00034024433;7.5825665e-06;-0.40518326;-0.3304766;-0.20543101;0.123644285;0.022453956;0.36278582;0.63408834;-0.9903107;-0.51116085;-0.36423412;0.29568377;0.49714878;-0.67148316;-0.28229922;-0.0017435009;0.28833717;-0.81217647;-0.26098433;0.35531187;0.288247;-0.5975387;0.061995417;0.22278838;0.10229827;-0.6501044;-0.068882525;0.31593212;-0.9921613;-0.9952312;-0.8417696;-0.09899326;-0.14131713;-0.35957956;-0.53205705;-0.69182384;-0.13773906;-0.8644584;-0.41216126;-0.29346016;-0.80824316;0.61811846;-0.95290196;-0.4772519;-0.8200312;0.7955039;-0.80319774;-0.69466263
-0.05512917;-0.007664028;0.0014673832;-2.3786211e-05;8.16086e-06;0.0044531524;-0.0006319847;-1.6374937e-06;1.3410754e-06;-0.1182695;-0.0046563293;-0.14516984;-0.12016093;-0.001498616;-0.19480512;5.7380166e-05;0.0003958533;-1.3680197e-05;-2.1116979e-05;0.28332797;-2.0495943e-05;0.57745075;0.119672924;-0.10107399;0.98262787;0.0129093025;-0.009670031;-0.1273064;1.1944983e-05;0.6733311;0.08025254;-0.07168745;0.92970335;0.029731292;-0.021201089;-0.13404639;8.440224e-05;1.8217106e-06;-4.7184585e-06;-0.69443643;0.15075888;0.20588923;0.568304;-0.124221206;0.21792762;-0.3285197;0.00038990975;-1.6915146e-07;-0.39023957;-0.35948214;-0.19683272;0.18654156;-0.042272788;0.3624593;0.7541681;-0.98783445;-0.5452939;-0.3460474;0.30759385;0.5028547;-0.59206825;-0.24925321;0.03725546;0.2565923;-0.71761495;-0.36662942;0.2873701;0.23333947;-0.6781388;0.0049479683;0.19923028;0.07632298;-0.6512633;-0.18841255;0.23878449;-0.99470645;-0.9967685;-0.8619597;-0.123955496;-0.24835761;-0.3612815;-0.6530743;-0.81094635;-0.018185971;-0.7441943;-0.17104222;-0.26480392;-0.8200666;0.29307377;-0.9541129;-0.46516642;-0.8578624;0.6763276;-0.78400564;-0.647228
-0.055012595;-0.0053042024;-0.0006722574;-2.2206921e-05;1.2417848e-05;0.0051182266;-0.0007123807;-1.7686841e-06;-1.186927e-06;-0.13293108;0.0021936784;-0.13651799;-0.13255773;0.0056083393;-0.18291977;2.6802958e-05;0.0004381754;-2.1995686e-05;-2.3291763e-05;0.27651617;-2.4964618e-05;0.5722694;0.117246866;-0.09979309;0.9818071;0.039932646;-0.006833087;-0.13160901;1.6534352e-05;0.67421836;0.08146275;-0.07432315;0.9348577;0.011379666;-0.025053073;-0.14853166;9.186673e-05;2.9059956e-06;-7.64562e-06;-0.7132528;0.16352455;0.1721707;0.5893186;-0.14179397;0.24593337;-0.254603;0.00042343812;-3.9271836e-06;-0.38329542;-0.37875682;-0.1930114;0.22918317;-0.1103859;0.39802903;0.8047903;-0.98586655;-0.5446823;-0.33931714;0.32094395;0.5175441;-0.52343297;-0.18496902;0.08067768;0.24022792;-0.641632;-0.41969037;0.22936702;0.19832039;-0.7229037;-0.034304082;0.18447304;0.06012448;-0.6439495;-0.26155186;0.17035379;-0.99623793;-0.9972863;-0.8696404;-0.12917796;-0.29510087;-0.30664024;-0.72289383;-0.86846024;0.09136804;-0.4783539;0.03359642;-0.24691507;-0.81316054;-0.16790116;-0.95236;-0.45469162;-0.87140805;0.5065793;-0.7643773;-0.62144685
-0.05522008;-0.0033644417;-0.002854991;-2.6863068e-05;1.40174525e-05;0.005762512;-0.00069509255;-1.828286e-06;-3.277397e-06;-0.15304442;0.005796363;-0.11993707;-0.15153594;0.007783639;-0.16489659;-7.355182e-06;0.00045621078;-2.6064052e-05;-1.9672061e-05;0.27187696;-2.7026508e-05;0.5697971;0.11790652;-0.098478734;0.980759;0.054343972;-0.0032377294;-0.131587;1.8612438e-05;0.6733855;0.08256375;-0.07675239;0.9371236;-0.0005918777;-0.023962999;-0.15719813;9.532082e-05;3.2968892e-06;-8.510498e-06;-0.7278598;0.17596133;0.14748725;0.5948847;-0.17296214;0.25903502;-0.18998866;0.00043530785;-5.003618e-06;-0.38222337;-0.39120358;-0.19960678;0.25346345;-0.15223543;0.44733855;0.82322496;-0.98485345;-0.5077924;-0.34902748;0.33147267;0.5361222;-0.4844191;-0.121204965;0.10674536;0.23918271;-0.61528534;-0.44464526;0.18408781;0.18968886;-0.73672366;-0.060917743;0.16882442;0.05283425;-0.63506675;-0.29708794;0.13700497;-0.9970294;-0.9972411;-0.86951935;-0.1210102;-0.28055713;-0.21023233;-0.74242646;-0.8859493;0.17489223;-0.08351304;0.15657227;-0.23641892;-0.7949541;-0.56724554;-0.9489534;-0.43948093;-0.8704964;0.3023662;-0.74432945;-0.62089473
-0.055928364;-0.0015461043;-0.005137485;-3.123854e-05;1.6422797e-05;0.006091715;-0.0007134501;-1.7686605e-06;-5.9832455e-06;-0.16761209;0.0075282482;-0.10030252;-0.16566259;0.0070752655;-0.1430486;-2.9622433e-05;0.00046921606;-3.0270254e-05;-1.4505968e-05;0.26983276;-2.4892193e-05;0.5685237;0.120120205;-0.09677037;0.9791101;0.058924004;-0.0023830058;-0.12897621;2.0868101e-05;0.6719229;0.082510486;-0.07888221;0.93671787;-0.0056433375;-0.021514634;-0.16103427;0.00010199462;3.822621e-06;-9.837648e-06;-0.74012816;0.18634768;0.13199653;0.58527684;-0.21065263;0.26858988;-0.14186846;0.00045136918;-6.3901825e-06;-0.3778978;-0.40065977;-0.2117034;0.27146742;-0.15185073;0.49273115;0.82922393;-0.9846517;-0.45669433;-0.36894098;0.3469617;0.5534548;-0.47219414;-0.06927347;0.11787638;0.24690996;-0.62512034;-0.46277532;0.14492199;0.20232046;-0.73158234;-0.07823746;0.14484319;0.053115208;-0.6280852;-0.3140721;0.134133;-0.99737436;-0.99681026;-0.8639454;-0.11241932;-0.22641717;-0.09580848;-0.73008674;-0.8832266;0.24145581;0.3145504;0.20694639;-0.2573329;-0.77180517;-0.80541974;-0.94623965;-0.43649146;-0.86235434;0.06921995;-0.72390485;-0.64767087
-0.05702757;0.00036549568;-0.0074077323;-3.372552e-05;2.0976266e-05;0.0057977354;-0.00090723933;-1.5331931e-06;-9.699579e-06;-0.17663302;0.0076993327;-0.08439175;-0.17460455;0.004606777;-0.12306774;-2.1977003e-05;0.00049253396;-3.6609417e-05;-1.2008808e-05;0.27015984;-1.6704122e-05;0.5682;0.12061286;-0.09412768;0.9770122;0.057113104;-0.007558784;-0.1214308;2.4433088e-05;0.67148477;0.08107971;-0.08045079;0.93419135;-0.0065041417;-0.019397942;-0.1616275;0.00011841902;4.7686553e-06;-1.2594275e-05;-0.7525733;0.19381106;0.12348529;0.55763364;-0.24960281;0.28394988;-0.124521784;0.0004945026;-9.170617e-06;-0.36539003;-0.4100905;-0.2258011;0.28731745;-0.1015676;0.5294119;0.82843757;-0.9850684;-0.40770414;-0.39312223;0.37046474;0.5666442;-0.47428513;-0.025473261;0.12455512;0.25887793;-0.6428196;-0.4776157;0.11209779;0.23374155;-0.72247165;-0.0801977;0.11428361;0.06542501;-0.6265391;-0.3192999;0.15435627;-0.99745387;-0.99605143;-0.85235214;-0.10856141;-0.15559311;0.022654962;-0.70054066;-0.87112737;0.30416396;0.61889213;0.2117962;-0.3254976;-0.75135577;-0.922476;-0.94611126;-0.45313245;-0.8523735;-0.18863295;-0.7097511;-0.69836056
-0.058040306;0.0021776005;-0.009015888;-3.6391895e-05;2.5050598e-05;0.0051014363;-0.0011916442;-1.2041489e-06;-1.3293291e-05;-0.18440086;0.0075403764;-0.08147622;-0.18270017;0.0030248703;-0.11569718;1.1051576e-05;0.0005084157;-4.2453787e-05;-1.1081513e-05;0.2707396;-5.496113e-06;0.5683991;0.117433615;-0.09093624;0.975329;0.05446152;-0.015812539;-0.1082948;2.7574351e-05;0.67169553;0.07927304;-0.08068064;0.93056804;-0.011957905;-0.018265154;-0.1607707;0.00013703991;5.6202334e-06;-1.49759e-05;-0.76295304;0.19565527;0.11848749;0.5132605;-0.28238598;0.2993037;-0.12589574;0.000540913;-1.1607277e-05;-0.35322818;-0.4172315;-0.23854265;0.30250657;-0.01535131;0.5493743;0.8174816;-0.9861843;-0.35825482;-0.41131723;0.39502746;0.5790271;-0.47916;0.017291078;0.12923236;0.2786385;-0.6523433;-0.485899;0.08418434;0.28616405;-0.72382987;-0.06612894;0.07947296;0.092178494;-0.6361299;-0.3172835;0.18457769;-0.9973997;-0.9949672;-0.8322273;-0.106993295;-0.10848166;0.1576408;-0.67443186;-0.8590439;0.34132844;0.79916394;0.1982651;-0.40595368;-0.74323225;-0.96844536;-0.9475256;-0.47570264;-0.8471717;-0.41594076;-0.7082486;-0.7509874
-0.058637116;0.003615762;-0.009859854;-3.4798984e-05;2.7965434e-05;0.004409063;-0.0014114742;-9.27583e-07;-1.6083068e-05;-0.1946946;0.0074844332;-0.093615234;-0.19360787;0.003292027;-0.12455099;4.833744e-05;0.00049808016;-4.6696136e-05;-8.678147e-06;0.26996458;4.0143714e-06;0.5663057;0.113340445;-0.08704167;0.97331023;0.05266466;-0.022973448;-0.094828345;2.9681265e-05;0.6689424;0.07787006;-0.079291455;0.92542565;-0.025882248;-0.018003518;-0.15933941;0.00014749737;6.286544e-06;-1.6671445e-05;-0.7664971;0.19047491;0.11714433;0.45951986;-0.3059752;0.30417266;-0.12765782;0.00055817503;-1.3578247e-05;-0.35097042;-0.41878045;-0.24601251;0.31944433;0.07964334;0.54177624;0.7929374;-0.98749167;-0.30822113;-0.415151;0.41490814;0.5912309;-0.4778875;0.051645257;0.11990892;0.3042712;-0.65516955;-0.4881898;0.05366158;0.34292462;-0.73691833;-0.049788035;0.042418797;0.11680631;-0.65732336;-0.31348312;0.20685673;-0.99729556;-0.9937076;-0.80102706;-0.102987446;-0.10953362;0.29956305;-0.6677355;-0.85103357;0.33601913;0.8857941;0.18708558;-0.4546145;-0.7512565;-0.9836984;-0.9489302;-0.49258018;-0.8529206;-0.56655705;-0.7183242;-0.7851142
-0.058605216;0.0045070723;-0.010435558;-2.6787748e-05;3.0732946e-05;0.0037845157;-0.0015657924;-7.319901e-07;-1.8247942e-05;-0.2131663;0.006129444;-0.1146454;-0.21270695;0.003423234;-0.14347425;7.853017e-05;0.000471144;-4.988612e-05;-5.411788e-06;0.26792234;1.0775759e-05;0.56072223;0.11190048;-0.08209308;0.96997577;0.04920773;-0.028335989;-0.08565232;3.115984e-05;0.6612385;0.07696576;-0.07689646;0.91763073;-0.04275085;-0.01722094;-0.15709828;0.00015056465;6.866583e-06;-1.850049e-05;-0.7626534;0.17961389;0.12278323;0.40597808;-0.3256132;0.2961624;-0.13583513;0.0005509716;-1.568487e-05;-0.3574188;-0.4158038;-0.2465132;0.33356547;0.16263078;0.4999635;0.75307083;-0.9884317;-0.2575922;-0.40684175;0.42802778;0.60043544;-0.46341032;0.066639185;0.099644035;0.32902095;-0.6576658;-0.48784456;0.020970583;0.389163;-0.7532199;-0.041232552;0.0065596676;0.126189;-0.6843213;-0.30721217;0.21404687;-0.99719626;-0.9928095;-0.75951797;-0.09621398;-0.15142022;0.41977623;-0.6797484;-0.84663546;0.2978623;0.9255932;0.18975395;-0.46201566;-0.7737969;-0.9888507;-0.95032054;-0.5028904;-0.8709153;-0.6535943;-0.7356879;-0.797927
-0.05793165;0.004819672;-0.010805514;-1.43927755e-05;3.397846e-05;0.0031136344;-0.0017213837;-5.71231e-07;-2.0191575e-05;-0.24107364;0.0029247652;-0.13464755;-0.2410405;0.001792235;-0.16130485;0.00010505461;0.00044010722;-5.2586518e-05;-3.827139e-06;0.26524487;1.5881677e-05;0.5521246;0.11371272;-0.076514564;0.9651986;0.043118447;-0.031305753;-0.08114913;3.2388547e-05;0.64950407;0.07614412;-0.0737775;0.9069176;-0.058274332;-0.014912672;-0.15347335;0.00015076221;7.427894e-06;-2.086992e-05;-0.7525653;0.16486365;0.13520676;0.3590051;-0.34418416;0.27522913;-0.15852854;0.00053471513;-1.8115534e-05;-0.36702114;-0.41049322;-0.24072498;0.34042323;0.22599259;0.42214307;0.6958976;-0.9888469;-0.20661394;-0.38944104;0.4343096;0.6058973;-0.42995378;0.06262554;0.08237306;0.35186133;-0.6577875;-0.48502067;-0.007915592;0.42504632;-0.7667322;-0.039695755;-0.025432521;0.12299758;-0.711125;-0.29829156;0.20818122;-0.99714035;-0.9927244;-0.7130172;-0.09066924;-0.21907988;0.50739354;-0.7002175;-0.84444624;0.24219261;0.9439566;0.20849141;-0.4399446;-0.804505;-0.99051017;-0.9516157;-0.5069439;-0.895109;-0.7004759;-0.7560549;-0.7940341
-0.05684764;0.004787544;-0.01063781;3.8312282e-07;3.7911173e-05;0.0023821353;-0.0019001898;-4.0924704e-07;-2.2201835e-05;-0.27332643;-0.0012678682;-0.14439066;-0.27326402;-0.0019145843;-0.16774812;0.00013147696;0.00040907544;-5.5468845e-05;-4.238913e-06;0.26298663;2.0226937e-05;0.54139453;0.11675791;-0.07099675;0.9595042;0.034739386;-0.030839501;-0.07920828;3.3843782e-05;0.63612235;0.07503783;-0.0698356;0.8937447;-0.07062078;-0.011132556;-0.14858426;0.00015045417;8.109673e-06;-2.3835964e-05;-0.73610926;0.14633127;0.15086658;0.32089195;-0.35883164;0.23743735;-0.1973559;0.0005172312;-2.1075597e-05;-0.37613532;-0.40245697;-0.23274955;0.3402962;0.27129108;0.31776327;0.61928195;-0.98865634;-0.16801454;-0.36510733;0.43532184;0.60521287;-0.37887207;0.049711175;0.07897251;0.36947834;-0.6487858;-0.47776848;-0.028495276;0.45005667;-0.77405316;-0.041141186;-0.05399161;0.11139238;-0.7337618;-0.29015929;0.19470993;-0.99710387;-0.99323237;-0.67141783;-0.09292045;-0.29801998;0.5694031;-0.71930265;-0.8410884;0.18396617;0.9515714;0.2398144;-0.40530232;-0.83409494;-0.99063957;-0.9521301;-0.5027402;-0.91669965;-0.72305727;-0.77529466;-0.7789023
-0.05571249;0.004639083;-0.0094417315;1.4904188e-05;4.1847903e-05;0.0016471719;-0.0020919745;-2.2455004e-07;-2.4176712e-05;-0.30351195;-0.0029839224;-0.13472134;-0.3028455;-0.005498074;-0.15298201;0.00015905843;0.0003786608;-5.821584e-05;-5.6349563e-06;0.26181054;2.4378172e-05;0.530185;0.11901418;-0.066416346;0.953941;0.022717826;-0.02644621;-0.07854346;3.5359408e-05;0.6236696;0.073004186;-0.06471076;0.8803876;-0.07869867;-0.005950635;-0.14302503;0.00015052108;8.866227e-06;-2.6831229e-05;-0.7131443;0.12387148;0.16578011;0.29350603;-0.36610967;0.18017313;-0.24448201;0.0005022745;-2.4161796e-05;-0.384321;-0.38843998;-0.22433466;0.33118168;0.30534837;0.2039677;0.5212763;-0.98800826;-0.15848655;-0.3340512;0.43406144;0.59569895;-0.31940165;0.037289266;0.09384531;0.37325153;-0.62721354;-0.4671905;-0.037892863;0.45821527;-0.7738426;-0.04681021;-0.080492035;0.08792026;-0.7524855;-0.2903398;0.17887832;-0.997053;-0.9939465;-0.64072245;-0.10458993;-0.37741938;0.6183564;-0.7279295;-0.8303697;0.12910311;0.9542061;0.27185142;-0.37823853;-0.8591253;-0.9901424;-0.95163536;-0.4922443;-0.93302065;-0.73387975;-0.79264426;-0.7582286
-0.054573342;0.0041551543;-0.0071543045;2.6762369e-05;4.5213994e-05;0.0009737103;-0.002275827;-2.341494e-09;-2.5866393e-05;-0.33220354;0.0024296404;-0.10499165;-0.33050808;-0.004856287;-0.11756909;0.00017807097;0.0003555441;-6.005689e-05;-6.1022292e-06;0.26176006;2.8086633e-05;0.52005655;0.12037612;-0.06332949;0.9488526;0.0033305907;-0.021106472;-0.08098682;3.652282e-05;0.6136041;0.0690057;-0.05811493;0.8717708;-0.08638377;0.0007656084;-0.13775921;0.00015196548;9.566014e-06;-2.93841e-05;-0.68466824;0.10148691;0.17767075;0.2696261;-0.37195435;0.103333645;-0.28984898;0.00049618125;-2.6821857e-05;-0.3968731;-0.36795053;-0.21438639;0.3051869;0.33045942;0.09661287;0.3938432;-0.9874144;-0.17550977;-0.2930216;0.43064877;0.5797112;-0.26089802;0.031493183;0.12798078;0.36488247;-0.594786;-0.45700386;-0.03700905;0.44939107;-0.7695674;-0.062259723;-0.10494081;0.045785103;-0.7720907;-0.30221474;0.16597563;-0.9970436;-0.9947871;-0.61962634;-0.12208612;-0.44963363;0.66298854;-0.72458273;-0.81121445;0.06966862;0.9545913;0.28456917;-0.3699035;-0.88095444;-0.98937553;-0.95004046;-0.4717359;-0.94533235;-0.73817277;-0.8083371;-0.73151547
-0.053439807;0.003310704;-0.0043031783;3.976375e-05;4.9062553e-05;0.0002935115;-0.0024260676;2.61624e-07;-2.7361893e-05;-0.35915256;0.01468387;-0.06429003;-0.3563038;0.00082186214;-0.07202796;0.00018624098;0.00034032564;-6.176246e-05;-5.4160955e-06;0.26146677;3.136455e-05;0.5091555;0.12042384;-0.061312098;0.9432266;-0.02078178;-0.017285887;-0.087362565;3.7928534e-05;0.6049271;0.064012535;-0.05147608;0.8702861;-0.09432275;0.0071183443;-0.13381073;0.00015401776;1.0402458e-05;-3.227315e-05;-0.64920187;0.081963666;0.1830051;0.23477405;-0.37651223;0.0054350584;-0.34028998;0.0004987192;-2.9817253e-05;-0.4141715;-0.34294263;-0.20323916;0.2588285;0.3470483;0.0064156577;0.22478102;-0.98702836;-0.20893404;-0.24365245;0.4218885;0.55378246;-0.20260516;0.029165367;0.17584646;0.34754944;-0.54946756;-0.44413835;-0.027370282;0.42560595;-0.76745045;-0.08594937;-0.12570919;-0.014677512;-0.7968467;-0.3109912;0.16001442;-0.9970421;-0.9956642;-0.6009287;-0.13480023;-0.5095435;0.70753294;-0.7124004;-0.78506905;-0.009948006;0.9532055;0.26148304;-0.38015354;-0.9002301;-0.98813623;-0.94608766;-0.4340027;-0.9546778;-0.7359228;-0.8206234;-0.68887967
-0.052451994;0.0024947296;-0.001550896;5.6603807e-05;5.356157e-05;-0.0005452679;-0.0025380019;5.718849e-07;-2.852291e-05;-0.37912768;0.028769271;-0.023271995;-0.37518838;0.0084197465;-0.026827054;0.00019689766;0.00032868984;-6.335383e-05;-6.3173047e-06;0.25906998;3.4711462e-05;0.49667972;0.11785366;-0.059708886;0.93687034;-0.04419266;-0.013600834;-0.09632634;3.9604332e-05;0.59801614;0.060180213;-0.04746632;0.87553424;-0.094980024;0.010276896;-0.13192376;0.00015569884;1.1351411e-05;-3.5660283e-05;-0.605884;0.06528435;0.17880386;0.18713872;-0.3731173;-0.10945064;-0.40367165;0.0005065942;-3.325366e-05;-0.427698;-0.3138538;-0.19015163;0.19570796;0.3555373;-0.058052212;0.01877984;-0.9868767;-0.25930133;-0.1959004;0.4056017;0.5108282;-0.13723403;0.020526879;0.22809069;0.32167208;-0.49203637;-0.4197273;-0.0048157265;0.3883183;-0.770226;-0.105989814;-0.13449115;-0.082338735;-0.8232933;-0.2954758;0.16718706;-0.99698836;-0.99644786;-0.5787259;-0.12992297;-0.55334747;0.75169176;-0.68853074;-0.74619734;-0.11543347;0.95006794;0.19524859;-0.4066754;-0.91622776;-0.9861719;-0.93816525;-0.38102537;-0.96180075;-0.72941256;-0.82604647;-0.6173699
-0.051825725;0.001994965;0.00056763395;7.56575e-05;5.7102763e-05;-0.0014589106;-0.0025935578;8.7046976e-07;-2.8902301e-05;-0.3883547;0.040496677;0.009999293;-0.38349858;0.014983354;0.010548669;0.00021442624;0.0003186558;-6.344091e-05;-9.9570025e-06;0.25450346;3.720126e-05;0.48507473;0.11280266;-0.058390565;0.93111134;-0.0633994;-0.007936323;-0.10576843;4.057288e-05;0.5942861;0.05804511;-0.047258466;0.885312;-0.08236984;0.009507803;-0.13172692;0.00015574496;1.2082397e-05;-3.8390877e-05;-0.5579743;0.052203245;0.16406284;0.13887125;-0.36026353;-0.22072169;-0.46615425;0.0005141043;-3.602763e-05;-0.4308364;-0.2806905;-0.17227882;0.11950484;0.35473004;-0.09503682;-0.18693195;-0.98701984;-0.31758013;-0.16036257;0.3812446;0.45902106;-0.06903262;0.010041147;0.2820708;0.2946677;-0.43661696;-0.379952;0.03450219;0.34571803;-0.7699062;-0.109709226;-0.12284804;-0.1386061;-0.8419743;-0.24950133;0.18693924;-0.99682885;-0.99696326;-0.5557074;-0.10830621;-0.57504904;0.7876323;-0.64710397;-0.6865279;-0.2364148;0.9441471;0.08422012;-0.4392428;-0.9275247;-0.9831261;-0.92671967;-0.32675785;-0.96687496;-0.7184542;-0.8210492;-0.5120193
-0.05197183;0.0018718364;0.0018664195;9.30184e-05;5.772739e-05;-0.0020970728;-0.0025468234;1.0241746e-06;-2.8167371e-05;-0.38644248;0.048748996;0.03638549;-0.3812894;0.019155174;0.041916147;0.00022870352;0.0003032023;-6.0553837e-05;-1.3534998e-05;0.24963467;3.6462716e-05;0.47652042;0.107756004;-0.057629302;0.92714775;-0.07543856;0.000931421;-0.112162955;3.9678736e-05;0.592334;0.057108287;-0.049488623;0.8948823;-0.05606063;0.0074875476;-0.13097721;0.00015050193;1.2227094e-05;-3.9084363e-05;-0.5136537;0.0425177;0.13776097;0.109212846;-0.33774486;-0.2943694;-0.5105425;0.00050612993;-3.6797224e-05;-0.42782927;-0.2454878;-0.149146;0.038244385;0.34865943;-0.115519986;-0.3422438;-0.9872158;-0.34963298;-0.14157897;0.35174984;0.42413586;-0.026942896;0.014279686;0.33486745;0.27501777;-0.40854353;-0.33266333;0.08412896;0.31027418;-0.7522217;-0.09413448;-0.095295705;-0.16856265;-0.8470034;-0.18893237;0.20557836;-0.9964372;-0.9970081;-0.53950256;-0.086050324;-0.5686848;0.80480903;-0.5920755;-0.6097301;-0.35408473;0.93425244;-0.06145453;-0.4556387;-0.93328065;-0.97856313;-0.91755897;-0.29301417;-0.96941644;-0.6958602;-0.8054293;-0.39346233
-0.052963004;0.0019868563;0.0028221102;0.000102729886;5.4892487e-05;-0.0022781906;-0.002384975;1.0133405e-06;-2.6354755e-05;-0.37584063;0.05428654;0.064552456;-0.37133533;0.020694941;0.07641734;0.00023263122;0.00027190338;-5.4301083e-05;-1.4290359e-05;0.24592227;3.2092663e-05;0.4714324;0.104764774;-0.057797402;0.92523044;-0.0814606;0.012446223;-0.11393099;3.6501588e-05;0.59094197;0.056884304;-0.051935285;0.9030133;-0.022495484;0.008243025;-0.12824507;0.00013755384;1.1560849e-05;-3.73371e-05;-0.4861729;0.03628642;0.10373527;0.11061839;-0.30612066;-0.3215353;-0.53595626;0.0004716659;-3.4825294e-05;-0.4285278;-0.21306306;-0.12653534;-0.035973422;0.34525687;-0.12895851;-0.4295988;-0.98748255;-0.3430422;-0.13817851;0.32345963;0.4232806;-0.04057442;0.029952144;0.37213627;0.26847073;-0.4369618;-0.28976262;0.12691015;0.291622;-0.70980716;-0.06344872;-0.06495533;-0.17168507;-0.8388105;-0.13138412;0.22130276;-0.9958493;-0.99650925;-0.5378271;-0.076493904;-0.53931415;0.80264014;-0.5353757;-0.5292399;-0.45342985;0.9203867;-0.21413842;-0.44546238;-0.93363947;-0.97242546;-0.9140078;-0.28104433;-0.9689808;-0.6548036;-0.7826392;-0.2865579
-0.05445151;0.002142098;0.0039746924;0.00010355143;5.0275674e-05;-0.0021806215;-0.0021670673;9.4300924e-07;-2.4028908e-05;-0.35932627;0.05800674;0.0958691;-0.35606822;0.020498104;0.11406604;0.00022819059;0.00022682709;-4.6506e-05;-1.2085093e-05;0.24373047;2.6539088e-05;0.4683712;0.10380783;-0.05877308;0.9235949;-0.08384924;0.023235764;-0.1128896;3.213476e-05;0.5902906;0.05703027;-0.05337725;0.9099658;0.007932216;0.013686587;-0.12424367;0.00011991152;1.03489365e-05;-3.432954e-05;-0.4809773;0.032725774;0.06705876;0.1392728;-0.2744119;-0.32422802;-0.5550651;0.0004195021;-3.1127216e-05;-0.43672317;-0.1858314;-0.10956346;-0.09858956;0.34820324;-0.13967519;-0.46493798;-0.98771703;-0.31335434;-0.14591567;0.2984236;0.4457624;-0.10422776;0.03994711;0.37861657;0.27446505;-0.5162591;-0.2539834;0.14487138;0.28736487;-0.65054625;-0.024532795;-0.042190973;-0.16094103;-0.82163936;-0.08200343;0.24155791;-0.9951884;-0.99544114;-0.54960376;-0.078788444;-0.5002222;0.7877497;-0.48612836;-0.4557297;-0.527063;0.90311617;-0.34539157;-0.41626734;-0.92842823;-0.96517116;-0.91079956;-0.2725262;-0.9651014;-0.59934247;-0.7554324;-0.19491155
-0.05618674;0.0022523655;0.0053695133;9.9287136e-05;4.5815163e-05;-0.0020585302;-0.0019699093;8.926428e-07;-2.1894353e-05;-0.33790168;0.060650084;0.12100014;-0.33598107;0.020333143;0.14351688;0.00021856293;0.0001841415;-3.9395556e-05;-8.019146e-06;0.24376373;2.1950691e-05;0.4654442;0.10426371;-0.05995785;0.9194113;-0.08328615;0.029900758;-0.11150281;2.7958478e-05;0.590278;0.057477813;-0.05380314;0.9149257;0.028218148;0.023030432;-0.12037265;0.00010344873;9.060837e-06;-3.1475167e-05;-0.48913202;0.028684612;0.027656265;0.1819279;-0.25300166;-0.32439274;-0.5762136;0.00036996772;-2.7328206e-05;-0.4506025;-0.1625472;-0.10099727;-0.14978477;0.35302395;-0.1504784;-0.470163;-0.98740256;-0.2733145;-0.1612421;0.27271625;0.46886197;-0.18396862;0.035235424;0.3516716;0.283379;-0.60273784;-0.22614609;0.1307202;0.2853409;-0.59130967;0.010238154;-0.03189521;-0.15120588;-0.8006162;-0.046488922;0.2621957;-0.99448395;-0.9936797;-0.5670719;-0.08297791;-0.45867378;0.76496875;-0.45247266;-0.39731398;-0.5721034;0.8837631;-0.45061457;-0.3827147;-0.916424;-0.95785564;-0.9039468;-0.25828168;-0.9564873;-0.5471043;-0.72588223;-0.1179251
-0.058097374;0.0022969204;0.006864955;9.358092e-05;4.225585e-05;-0.0020235288;-0.0018215589;8.813969e-07;-2.029838e-05;-0.31276703;0.06360833;0.13685317;-0.31202212;0.02173584;0.16163462;0.00020829911;0.00015617424;-3.376181e-05;-3.487432e-06;0.24602355;1.881821e-05;0.46295974;0.10554579;-0.06115127;0.9128708;-0.08245452;0.032539077;-0.11009823;2.4503272e-05;0.5907146;0.057206612;-0.053533617;0.9185626;0.04001506;0.033855427;-0.117505156;9.20082e-05;7.95292e-06;-2.929839e-05;-0.50065225;0.024108551;-0.010088168;0.22746304;-0.23662126;-0.3226722;-0.5960297;0.00033688644;-2.422696e-05;-0.46833047;-0.14105652;-0.103513114;-0.187025;0.3492307;-0.15828562;-0.45994535;-0.9862807;-0.22806126;-0.18132618;0.24510308;0.48296067;-0.25358695;0.01947721;0.30738834;0.28841746;-0.6649077;-0.21060966;0.096550316;0.2827736;-0.543725;0.033156116;-0.029820364;-0.140798;-0.7790644;-0.030270308;0.27141687;-0.99380887;-0.9910064;-0.5833505;-0.08265912;-0.4151596;0.7358048;-0.43689838;-0.35463855;-0.5941075;0.8650034;-0.54200315;-0.35693163;-0.89748156;-0.9520728;-0.895623;-0.24151458;-0.94182223;-0.5133761;-0.698548;-0.06028173
-0.060011562;0.0022711398;0.008267561;8.794491e-05;3.951798e-05;-0.0020266785;-0.0016988226;8.900712e-07;-1.9179395e-05;-0.28554282;0.06834171;0.14973673;-0.28566548;0.025296055;0.1757877;0.00019868193;0.00014351658;-2.942083e-05;9.385585e-07;0.24902864;1.6410999e-05;0.4627633;0.10735084;-0.06257252;0.90735507;-0.084667206;0.033941433;-0.108583;2.1739863e-05;0.5915754;0.05506466;-0.05270883;0.92240787;0.048778456;0.04338961;-0.11602817;8.5633365e-05;7.058734e-06;-2.767153e-05;-0.51277643;0.022037687;-0.03717407;0.27253386;-0.21697967;-0.31198797;-0.60922164;0.00032005835;-2.1840096e-05;-0.48813596;-0.12062388;-0.11576251;-0.20627695;0.33335495;-0.15876073;-0.44192052;-0.98456275;-0.17957932;-0.20418231;0.21672043;0.4906213;-0.30586;-0.0008265448;0.26446733;0.29188126;-0.7020732;-0.20659757;0.062325854;0.28504726;-0.5096753;0.0461152;-0.026520912;-0.12206937;-0.7573614;-0.029245816;0.26866516;-0.9932458;-0.9872218;-0.5942435;-0.07809998;-0.37003794;0.7032318;-0.4326882;-0.3205717;-0.6024288;0.8497634;-0.62319934;-0.3396132;-0.87403184;-0.9484118;-0.8898849;-0.22762136;-0.92204356;-0.4964335;-0.67944974;-0.024469987
-0.06169322;0.002264039;0.009289292;8.226256e-05;3.721239e-05;-0.0019874652;-0.0015675694;8.999417e-07;-1.8417311e-05;-0.25710446;0.07522155;0.16331397;-0.25772575;0.03107543;0.19035804;0.0001855492;0.00014016533;-2.5787362e-05;5.493195e-06;0.25097692;1.3770368e-05;0.46539688;0.1101927;-0.064301446;0.9052347;-0.09018549;0.0361522;-0.1092054;1.9374987e-05;0.5930906;0.051782943;-0.05189731;0.92673707;0.058237437;0.050105646;-0.11608549;8.1643724e-05;6.2997933e-06;-2.624157e-05;-0.52623206;0.023224121;-0.053053312;0.31815886;-0.19622491;-0.2964217;-0.6156936;0.00031104236;-1.979238e-05;-0.50656533;-0.10327485;-0.13173755;-0.2062458;0.31159356;-0.15462494;-0.4212963;-0.98251444;-0.1295799;-0.2249015;0.19000277;0.4938383;-0.34410673;-0.026013397;0.22766988;0.29694203;-0.7263444;-0.20833778;0.034036163;0.29272145;-0.48245406;0.05273946;-0.021293094;-0.0984332;-0.7342794;-0.03318422;0.26513;-0.99279124;-0.9819446;-0.60112244;-0.071582854;-0.3231767;0.6711205;-0.4314999;-0.28790933;-0.6030017;0.83696634;-0.6909295;-0.32543892;-0.8495434;-0.9460215;-0.8889709;-0.2185917;-0.9001422;-0.4887937;-0.67248666;-0.004489548
-0.06298789;0.0023275989;0.009635272;7.6960074e-05;3.5060162e-05;-0.0018646034;-0.0014037978;9.0330275e-07;-1.8000741e-05;-0.22853076;0.08419134;0.17747298;-0.2292018;0.03916983;0.20594838;0.00016784639;0.0001372206;-2.2489025e-05;1.0402273e-05;0.25153887;1.0639833e-05;0.47027615;0.114033;-0.06593397;0.9066338;-0.09818827;0.039321125;-0.113403864;1.7197264e-05;0.5950812;0.04851611;-0.05185478;0.9310807;0.071885884;0.05325562;-0.11759804;7.7016746e-05;5.656919e-06;-2.4795037e-05;-0.5410632;0.02643671;-0.06237408;0.36338514;-0.1752282;-0.27927688;-0.61840606;0.0003006;-1.7940882e-05;-0.5192695;-0.09077141;-0.1455537;-0.19126247;0.2910853;-0.15025382;-0.40098497;-0.980266;-0.0812411;-0.23797987;0.16895044;0.49337673;-0.3730984;-0.059622873;0.19610237;0.30582064;-0.74562335;-0.21280198;0.01044902;0.30309835;-0.45758912;0.053855605;-0.017177938;-0.0734522;-0.7092451;-0.03826761;0.2674495;-0.99239457;-0.974523;-0.6045441;-0.064019024;-0.2748629;0.6431107;-0.43070152;-0.24975914;-0.6002683;0.8231365;-0.7476217;-0.31299633;-0.82768387;-0.94418716;-0.89362967;-0.21520819;-0.8798753;-0.48783395;-0.6790258;0.004979148
-0.0637815;0.0023159327;0.009376041;7.173803e-05;3.2664044e-05;-0.0016384166;-0.0012030554;8.98213e-07;-1.7808867e-05;-0.20088948;0.09502866;0.19143146;-0.20103166;0.049381062;0.222209;0.00014944683;0.00012614008;-1.9193656e-05;1.5270447e-05;0.2515027;7.324459e-06;0.47664183;0.1184075;-0.06736894;0.91101575;-0.10691847;0.042961888;-0.121139795;1.49594125e-05;0.59729856;0.04613911;-0.05273795;0.93517613;0.09014743;0.053058673;-0.119990885;6.9811904e-05;5.078793e-06;-2.3079498e-05;-0.55465513;0.02982781;-0.06823408;0.40497687;-0.15118697;-0.2588984;-0.6173987;0.00028214793;-1.6103528e-05;-0.5236596;-0.08225346;-0.15374532;-0.16767795;0.27948657;-0.1493788;-0.3791815;-0.9779469;-0.03713552;-0.24240598;0.15539078;0.48962966;-0.39686316;-0.10218935;0.16869771;0.31842253;-0.76133263;-0.22080453;-0.007976966;0.3146109;-0.43626815;0.04980022;-0.016342368;-0.044994924;-0.68233484;-0.04485176;0.2708887;-0.9920151;-0.96479696;-0.60364234;-0.056351677;-0.22885539;0.6213135;-0.43156093;-0.20425744;-0.59723794;0.80685884;-0.7945429;-0.30147496;-0.81136817;-0.9425234;-0.9020872;-0.21423012;-0.86423;-0.49061;-0.69584346;0.008839529
-0.06404095;0.0020904513;0.008928099;6.611226e-05;2.9978226e-05;-0.0012865466;-0.0009838897;8.6996045e-07;-1.7755228e-05;-0.1754561;0.10616276;0.20431171;-0.17450623;0.06007206;0.23744142;0.00013052893;0.000108948065;-1.6008009e-05;1.9914423e-05;0.25126693;3.873167e-06;0.48371843;0.12283303;-0.06911857;0.91702527;-0.11199058;0.04720183;-0.13054334;1.2705728e-05;0.59971124;0.044813447;-0.053944353;0.93850124;0.10643921;0.050786786;-0.12201424;6.082153e-05;4.529531e-06;-2.1090775e-05;-0.5632837;0.032440193;-0.07117441;0.4358575;-0.12751898;-0.2351524;-0.60725963;0.00025707792;-1.4181656e-05;-0.52240014;-0.07379654;-0.15642169;-0.13703465;0.27895677;-0.15541336;-0.35527724;-0.9756863;0.003964038;-0.2428199;0.14632905;0.48421177;-0.41680887;-0.14138782;0.14574607;0.3339356;-0.7722235;-0.22558722;-0.017924303;0.32915798;-0.41619277;0.047106855;-0.01893908;-0.01080897;-0.6537401;-0.04917753;0.26704663;-0.99161816;-0.9539457;-0.601138;-0.05285484;-0.1886322;0.6072807;-0.4298276;-0.15750536;-0.5941464;0.79355663;-0.8279561;-0.28654456;-0.80012006;-0.94126356;-0.9098895;-0.20768425;-0.8523287;-0.49348482;-0.7143474;0.013030018
-0.06392215;0.0017380588;0.008455751;6.089348e-05;2.7480652e-05;-0.00083403627;-0.00077244884;8.1558403e-07;-1.78572e-05;-0.15412284;0.11557482;0.21390069;-0.15157732;0.069381736;0.24855214;0.000108509244;9.4896866e-05;-1.3387093e-05;2.4505549e-05;0.2505809;2.6432826e-07;0.49064058;0.12683415;-0.0713042;0.9233241;-0.11081334;0.051692255;-0.1397081;1.0757911e-05;0.6021177;0.044159956;-0.055233188;0.94057465;0.116838396;0.046965312;-0.12302408;5.2433454e-05;4.0505693e-06;-1.9191604e-05;-0.5660276;0.03460248;-0.07180931;0.4534678;-0.10888596;-0.20969889;-0.5876096;0.00023270851;-1.2397533e-05;-0.5197277;-0.06309068;-0.15501355;-0.09972717;0.2856328;-0.1681041;-0.33209208;-0.97351056;0.03868232;-0.24261895;0.14027177;0.47869256;-0.43419957;-0.16858646;0.12838097;0.35071507;-0.77917767;-0.22004867;-0.015938964;0.34714133;-0.38823456;0.05109833;-0.023423845;0.026695814;-0.622574;-0.04885068;0.25520375;-0.99117756;-0.9436297;-0.59903914;-0.054811336;-0.1531416;0.6016233;-0.41944417;-0.11025165;-0.5886216;0.7902152;-0.84776235;-0.2647086;-0.79132855;-0.9415543;-0.91473323;-0.19054718;-0.84179413;-0.49693608;-0.72919244;0.02069299
-0.063648626;0.0013796585;0.007894559;5.644001e-05;2.534315e-05;-0.00035755127;-0.0005905097;7.4711e-07;-1.7994724e-05;-0.13808563;0.12229088;0.22021066;-0.13360287;0.076276734;0.2555704;8.491992e-05;8.9707784e-05;-1.12901325e-05;2.8495851e-05;0.24941826;-3.1222662e-06;0.49707404;0.13029468;-0.07372605;0.92951554;-0.1041815;0.05569732;-0.14781295;9.111667e-06;0.6043548;0.043682676;-0.05670497;0.9414765;0.122684814;0.041583408;-0.12311957;4.6461195e-05;3.6252168e-06;-1.7535334e-05;-0.5643302;0.03676703;-0.07079934;0.46064675;-0.09661973;-0.18381213;-0.56356853;0.00021509506;-1.0796939e-05;-0.5187356;-0.05058873;-0.15177001;-0.056720823;0.29425207;-0.18264918;-0.31219098;-0.97152627;0.060149513;-0.2424992;0.13789868;0.47333944;-0.45172647;-0.18550313;0.11459361;0.36593565;-0.78385663;-0.20503262;-0.002919702;0.36527663;-0.34690458;0.060177196;-0.029108737;0.06258932;-0.58874166;-0.046091314;0.23820557;-0.9907356;-0.9348152;-0.5969783;-0.059292316;-0.12016976;0.6033677;-0.3986646;-0.059397545;-0.57929647;0.7987224;-0.85824186;-0.23833524;-0.7840209;-0.94429576;-0.91736495;-0.1658129;-0.83217525;-0.50418586;-0.7407953;0.028735155
-0.063368246;0.0010344228;0.0072324714;5.2891322e-05;2.3584405e-05;7.305037e-05;-0.00045039903;6.76696e-07;-1.8079016e-05;-0.12707059;0.12651771;0.2257846;-0.120528296;0.08062383;0.26145777;6.350032e-05;9.4120725e-05;-9.572977e-06;3.1200016e-05;0.24801418;-5.790833e-06;0.50312096;0.1333886;-0.07630824;0.93548816;-0.09414588;0.058763087;-0.15454808;7.693598e-06;0.6063134;0.04298201;-0.058322627;0.9414121;0.12605897;0.035004966;-0.12247426;4.3645792e-05;3.2491225e-06;-1.615801e-05;-0.559632;0.03917169;-0.06852603;0.46077776;-0.090180725;-0.15762657;-0.5394385;0.0002067115;-9.402458e-06;-0.520863;-0.03758943;-0.14932862;-0.008794349;0.3014915;-0.19477235;-0.2967812;-0.9698416;0.065638095;-0.24283497;0.13912378;0.4676868;-0.471689;-0.19637397;0.10125215;0.37717193;-0.7872489;-0.18558155;0.017141903;0.38064095;-0.29407054;0.069916315;-0.03638674;0.09355697;-0.5534445;-0.043891594;0.21810505;-0.9903475;-0.92797303;-0.59421265;-0.06355946;-0.08971346;0.610356;-0.36901042;-0.005292824;-0.5666597;0.81606776;-0.86331123;-0.21229951;-0.7788163;-0.94929016;-0.91917145;-0.13949412;-0.82406205;-0.51695514;-0.7509893;0.03241962
-0.06313576;0.00067083666;0.006518445;5.0378847e-05;2.225436e-05;0.00042335578;-0.0003543431;6.1320713e-07;-1.8110011e-05;-0.12028206;0.12894377;0.2324512;-0.111703984;0.0828541;0.2683544;4.648458e-05;0.00010644635;-8.209026e-06;3.2479307e-05;0.24658604;-7.4806376e-06;0.5089857;0.13625692;-0.07904764;0.9410951;-0.082632236;0.06073593;-0.15983583;6.5077766e-06;0.60793257;0.041845363;-0.059946675;0.9405567;0.12824355;0.027831417;-0.121259555;4.3928372e-05;2.943074e-06;-1.5103884e-05;-0.55316126;0.04210588;-0.06525745;0.45660818;-0.088776246;-0.13076589;-0.51692045;0.00020738797;-8.2802435e-06;-0.5265227;-0.024893261;-0.14971294;0.044202555;0.3060329;-0.20288599;-0.286699;-0.9684658;0.057034858;-0.24397677;0.1430051;0.46152177;-0.4946371;-0.204025;0.08722644;0.38352215;-0.78988373;-0.16615613;0.040433068;0.39212817;-0.23549254;0.07686384;-0.04525835;0.118613146;-0.5182652;-0.0438554;0.19613257;-0.99003285;-0.9234444;-0.59032696;-0.06625301;-0.06327617;0.6204066;-0.3333626;0.049070228;-0.55201036;0.8376159;-0.8651414;-0.18965608;-0.7763765;-0.9555403;-0.9209946;-0.11564892;-0.8178087;-0.53413916;-0.76067305;0.029296618
-0.06295289;0.0002655415;0.0057952194;4.859059e-05;2.1298765e-05;0.0006947234;-0.00029513956;5.6130136e-07;-1.808053e-05;-0.117034584;0.13013282;0.23995647;-0.10651691;0.08352414;0.27606648;3.3712946e-05;0.00012385986;-7.0875103e-06;3.273149e-05;0.24526227;-8.254741e-06;0.5148309;0.13891168;-0.08189957;0.94619;-0.07094568;0.06170215;-0.16373911;5.493959e-06;0.6092395;0.04028074;-0.06145438;0.939097;0.12977739;0.02064152;-0.11971856;4.6616056e-05;2.6929483e-06;-1.4334801e-05;-0.54634994;0.045861267;-0.061195184;0.45069206;-0.09196603;-0.10328996;-0.4960676;0.0002150026;-7.3787232e-06;-0.5359049;-0.0125409765;-0.15395693;0.103353284;0.3073456;-0.20714536;-0.2829244;-0.96740353;0.038372386;-0.24600665;0.14848045;0.45520085;-0.51954365;-0.20899598;0.073704965;0.38569683;-0.79225564;-0.14875643;0.06419432;0.39983225;-0.17743392;0.07964118;-0.05511335;0.13803285;-0.4848836;-0.046270005;0.17298359;-0.98980063;-0.9214544;-0.58528125;-0.06689981;-0.042337436;0.631966;-0.29520854;0.10019623;-0.5367866;0.85954374;-0.8647635;-0.1705995;-0.776673;-0.9619337;-0.92310923;-0.09571083;-0.8132666;-0.55300176;-0.7696498;0.019450463
-0.06280682;-0.00018259767;0.0050811954;4.693831e-05;2.0562497e-05;0.00091387273;-0.0002584466;5.205203e-07;-1.7957544e-05;-0.116543874;0.13034195;0.2469089;-0.10421844;0.083046935;0.28307587;2.3312126e-05;0.00014311117;-5.993701e-06;3.265369e-05;0.24409427;-8.413488e-06;0.5207373;0.14130203;-0.08476863;0.9506388;-0.059898544;0.061938353;-0.16638662;4.518035e-06;0.61030304;0.03843407;-0.06275563;0.93717813;0.1307333;0.013933862;-0.11810386;5.0594157e-05;2.4543406e-06;-1.37389725e-05;-0.5406183;0.050596125;-0.056475513;0.44528517;-0.0991259;-0.07615966;-0.4763606;0.00022623289;-6.544753e-06;-0.54902667;-0.00023221783;-0.16208942;0.1691614;0.30494723;-0.20828648;-0.2864303;-0.9667156;0.013789784;-0.24868672;0.15467522;0.44937193;-0.5448746;-0.21019362;0.06301151;0.38531548;-0.7949718;-0.13343547;0.08640607;0.40445653;-0.12451217;0.07855012;-0.06517643;0.15248032;-0.45490217;-0.050808735;0.1491487;-0.98967105;-0.92197543;-0.57950395;-0.06561433;-0.027310813;0.6438728;-0.2583092;0.14455658;-0.5222165;0.8794233;-0.8627591;-0.15367189;-0.778915;-0.96762925;-0.92546487;-0.07988355;-0.8098182;-0.5705663;-0.77719015;0.0043499637
-0.062686585;-0.0006598417;0.0043846043;4.4984045e-05;1.9898958e-05;0.0011170838;-0.00022729914;4.86693e-07;-1.7717975e-05;-0.11778296;0.12961692;0.25211886;-0.103797995;0.08163854;0.28801894;1.278773e-05;0.00016133368;-4.7434587e-06;3.299546e-05;0.24308859;-8.335184e-06;0.52669805;0.14337996;-0.08754853;0.9543284;-0.04994636;0.061816297;-0.16794574;3.467052e-06;0.6111619;0.036480136;-0.063781664;0.93485904;0.13100526;0.008111248;-0.116589405;5.4686636e-05;2.1910237e-06;-1.321084e-05;-0.53691816;0.05618372;-0.05128229;0.44197577;-0.10900203;-0.051046185;-0.45737857;0.0002376966;-5.6426798e-06;-0.56543535;0.012189709;-0.17340653;0.24013326;0.29828364;-0.20708182;-0.2976922;-0.966476;-0.013661464;-0.25160456;0.1608852;0.44439387;-0.56942785;-0.20646498;0.056873273;0.38396364;-0.7984967;-0.11960174;0.10556466;0.40688702;-0.07902601;0.07474083;-0.07487563;0.16263293;-0.42956105;-0.057063106;0.12518196;-0.9896671;-0.9245977;-0.5737735;-0.062900044;-0.017391797;0.65510595;-0.22611278;0.1788085;-0.5092094;0.8960178;-0.8596612;-0.13759626;-0.78189975;-0.97218317;-0.92784774;-0.0682072;-0.8065989;-0.58477587;-0.78261894;-0.014126317
-0.06258286;-0.0011450151;0.0037167922;4.269241e-05;1.9255036e-05;0.0013332677;-0.00018803736;4.553259e-07;-1.738e-05;-0.11975134;0.12795311;0.255154;-0.10425685;0.0794005;0.2903811;1.4984289e-07;0.00017676601;-3.3023243e-06;3.43148e-05;0.24222334;-8.313458e-06;0.5325942;0.14510615;-0.09014878;0.95719105;-0.041161742;0.061638154;-0.1685759;2.3259927e-06;0.6117936;0.03456646;-0.06449639;0.93212223;0.13046479;0.0034139152;-0.11524422;5.804698e-05;1.9003419e-06;-1.2711171e-05;-0.5355246;0.06219526;-0.04597746;0.44151837;-0.1199555;-0.02954644;-0.43904576;0.00024707796;-4.6435744e-06;-0.58404094;0.02460381;-0.18682052;0.31273687;0.2870456;-0.20421857;-0.31611863;-0.96668977;-0.04224674;-0.25435963;0.1666019;0.44006848;-0.5924573;-0.19773574;0.05550489;0.38255543;-0.8028368;-0.1067979;0.12086617;0.40788296;-0.041461714;0.069480166;-0.083977185;0.16918913;-0.40942788;-0.064718835;0.101568796;-0.9897896;-0.92857665;-0.56875587;-0.059317317;-0.011250938;0.6648939;-0.20093904;0.20086852;-0.49837106;0.909044;-0.85604167;-0.122165956;-0.7845551;-0.9755417;-0.9299882;-0.060566623;-0.80287635;-0.5951418;-0.78565043;-0.034116577
-0.062487397;-0.0016118593;0.003093481;4.029344e-05;1.864662e-05;0.0015747959;-0.00013414514;4.2394674e-07;-1.6990278e-05;-0.12176797;0.12544055;0.25624493;-0.10490743;0.07645586;0.2904554;-1.5403666e-05;0.00018888508;-1.7598213e-06;3.682806e-05;0.24146399;-8.4908825e-06;0.53822285;0.14644541;-0.09250355;0.95923495;-0.03331753;0.06153969;-0.16839954;1.1566008e-06;0.6121662;0.03280464;-0.06490993;0.92893785;0.12900735;-0.00012657419;-0.11406985;6.0321494e-05;1.6036065e-06;-1.2248813e-05;-0.536168;0.06809176;-0.041089274;0.44385138;-0.13052557;-0.0124764275;-0.42154208;0.00025350344;-3.6033452e-06;-0.6033107;0.036670297;-0.20109333;0.38253856;0.2715881;-0.20033783;-0.33988354;-0.9672671;-0.07113868;-0.25669488;0.17163216;0.43592358;-0.61345494;-0.18493874;0.05804697;0.3812628;-0.8075091;-0.09478865;0.13243164;0.40789232;-0.011488698;0.06376749;-0.09243543;0.17291526;-0.39437887;-0.07348071;0.07850477;-0.99001247;-0.93311423;-0.5646837;-0.055210482;-0.007735748;0.67288274;-0.18345918;0.21089002;-0.490022;0.9188754;-0.85242504;-0.1079553;-0.78632057;-0.97790164;-0.93167174;-0.056415565;-0.79835397;-0.6024058;-0.7864222;-0.053965483
-0.06239604;-0.0020333214;0.002529614;3.8027065e-05;1.8094375e-05;0.0018397496;-6.560913e-05;3.9201552e-07;-1.6594415e-05;-0.12349871;0.12231792;0.2559951;-0.10540834;0.0730244;0.28900158;-3.3574208e-05;0.00019794622;-2.3562461e-07;4.04445e-05;0.24078402;-8.894123e-06;0.54338485;0.1473827;-0.09457624;0.9605374;-0.026119996;0.061528433;-0.16752827;3.448804e-08;0.6122922;0.031275786;-0.065069415;0.92531794;0.12658267;-0.0026489173;-0.11304931;6.152282e-05;1.3246026e-06;-1.1836208e-05;-0.53828186;0.07344831;-0.037141774;0.4482514;-0.13976961;0.00020201318;-0.40519026;0.00025709113;-2.59449e-06;-0.6217346;0.047918826;-0.21503624;0.44567552;0.25303116;-0.1960704;-0.36643076;-0.9680691;-0.09993738;-0.25854036;0.17607781;0.43160257;-0.63204306;-0.16937755;0.063380845;0.3798041;-0.81178594;-0.08350354;0.14105281;0.4070338;0.011312969;0.05823271;-0.10022199;0.17453721;-0.3839128;-0.082986474;0.055956822;-0.99029815;-0.9376306;-0.56142795;-0.05068468;-0.0060742437;0.6790967;-0.17290969;0.2109563;-0.48420197;0.9261705;-0.8491914;-0.09569371;-0.78714883;-0.97953176;-0.9328008;-0.054922074;-0.7931871;-0.60767645;-0.7853264;-0.07239648
-0.062308896;-0.0023886748;0.0020350257;3.603031e-05;1.759964e-05;0.0021194038;1.4411402e-05;3.5988603e-07;-1.6221798e-05;-0.12485743;0.118895635;0.2550669;-0.1056668;0.069379486;0.2868391;-5.3511525e-05;0.00020440936;1.1769589e-06;4.4922683e-05;0.24016939;-9.4931165e-06;0.5479547;0.14793202;-0.09635985;0.9612087;-0.019372037;0.06156135;-0.16608767;-9.857031e-07;0.6122216;0.030039081;-0.065037474;0.9213128;0.12320707;-0.004367772;-0.112170324;6.180707e-05;1.0791555e-06;-1.1472148e-05;-0.54121965;0.07803406;-0.034482915;0.45365897;-0.14731029;0.0090328995;-0.39044544;0.0002582859;-1.6679405e-06;-0.638219;0.057893693;-0.22775775;0.49988264;0.23292132;-0.19200054;-0.39324477;-0.968969;-0.12837854;-0.25996706;0.18017162;0.42697874;-0.64799845;-0.1522898;0.07049828;0.3777553;-0.8149868;-0.07300252;0.14767076;0.405223;0.027214693;0.05319111;-0.10729995;0.17461024;-0.3774743;-0.09283139;0.03385442;-0.99061286;-0.9418251;-0.55870783;-0.045712996;-0.005797792;0.68375045;-0.16779141;0.2039615;-0.48071548;0.9315769;-0.8465285;-0.08584129;-0.787254;-0.98066056;-0.9333684;-0.055273607;-0.7877487;-0.6118139;-0.7828021;-0.08856458
-0.06222658;-0.0026668082;0.0016120555;3.4330995e-05;1.7145037e-05;0.0024038989;0.0001024603;3.282072e-07;-1.5883867e-05;-0.1259248;0.11543301;0.25394157;-0.10575617;0.065753244;0.28454506;-7.4314325e-05;0.00020860787;2.4303736e-06;5.001053e-05;0.23960584;-1.0238487e-05;0.55189866;0.14812474;-0.09786759;0.96135664;-0.012991678;0.06158014;-0.16420896;-1.8802675e-06;0.6120096;0.029146107;-0.06487763;0.9169693;0.11893558;-0.005491404;-0.11143081;6.132446e-05;8.726929e-07;-1.1142984e-05;-0.5444206;0.08177172;-0.03322983;0.45903012;-0.15322953;0.014698955;-0.37792605;0.00025745167;-8.435163e-07;-0.6521958;0.06628812;-0.23881455;0.544659;0.21276155;-0.18862285;-0.41834474;-0.96988225;-0.15623175;-0.2610881;0.1841566;0.42205936;-0.66125804;-0.13470866;0.07852973;0.37472117;-0.81663513;-0.06339936;0.15304504;0.40231007;0.036379255;0.048760533;-0.11363147;0.17346245;-0.3745993;-0.10264571;0.012214962;-0.9909324;-0.94558555;-0.55621547;-0.040189624;-0.006611767;0.6870776;-0.16652031;0.19270381;-0.47921905;0.9355898;-0.84445417;-0.078427345;-0.7868462;-0.9814403;-0.933386;-0.05680301;-0.7823547;-0.615256;-0.77918905;-0.10197672
-0.062145945;-0.0028640844;0.0012542369;3.2849843e-05;1.6693957e-05;0.0026842817;0.00019605493;2.9786554e-07;-1.5574944e-05;-0.12690826;0.11206351;0.25282526;-0.10587464;0.062274564;0.28234962;-9.528196e-05;0.00021067765;3.5283156e-06;5.5510543e-05;0.23906466;-1.1077318e-05;0.55525917;0.14799221;-0.0991199;0.9610679;-0.006962646;0.061511353;-0.16201326;-2.6583293e-06;0.6117002;0.028657684;-0.06465155;0.9122911;0.11382444;-0.0061867055;-0.11084267;6.0168008e-05;6.996488e-07;-1.0822099e-05;-0.54750973;0.08467282;-0.03331977;0.4635333;-0.15790969;0.017777242;-0.3684506;0.0002547599;-1.0657823e-07;-0.6635121;0.072984315;-0.24817543;0.5807776;0.19371411;-0.1863389;-0.4403735;-0.9707719;-0.18331762;-0.26196608;0.18826653;0.41685545;-0.6718623;-0.11747412;0.086697154;0.37036976;-0.81645864;-0.054775868;0.15769269;0.39813158;0.038927786;0.044967588;-0.11915243;0.17118023;-0.37493518;-0.11214799;-0.008814232;-0.9912397;-0.9488807;-0.55364835;-0.033901818;-0.008255749;0.6892324;-0.16778123;0.17951858;-0.47930655;0.93852586;-0.8428896;-0.07309124;-0.78596866;-0.9819537;-0.93283606;-0.058971778;-0.7770782;-0.61810756;-0.7746633;-0.11236663
-0.062058482;-0.0029809254;0.00094683387;3.141293e-05;1.619116e-05;0.0029522697;0.00029370433;2.7012618e-07;-1.527452e-05;-0.12811337;0.10879485;0.2516945;-0.10631671;0.05896636;0.28020024;-0.000115963405;0.00021062445;4.5218912e-06;6.128398e-05;0.23849857;-1.1958029e-05;0.5581304;0.14755942;-0.10013526;0.9604059;-0.0012921627;0.061256282;-0.15961444;-3.3590622e-06;0.6113255;0.028648246;-0.06442005;0.907228;0.10792699;-0.0065832464;-0.11043413;5.8380756e-05;5.4474367e-07;-1.0469797e-05;-0.5503187;0.08679552;-0.03458638;0.46656543;-0.16187176;0.018612888;-0.36302498;0.0002502452;5.8923615e-07;-0.67225945;0.07801616;-0.25606382;0.60961664;0.17653671;-0.18546195;-0.4584836;-0.9716357;-0.20953313;-0.2625406;0.1927505;0.4113005;-0.67986846;-0.10129896;0.094291165;0.36441147;-0.8143043;-0.047134604;0.16194844;0.39250875;0.03494836;0.041813448;-0.12375125;0.16762094;-0.37823033;-0.121166214;-0.028949574;-0.9915238;-0.9516925;-0.55072075;-0.02651917;-0.010386668;0.6902651;-0.17067383;0.16621128;-0.48055732;0.94055;-0.84174734;-0.06923504;-0.7844486;-0.9822314;-0.9316559;-0.061324485;-0.77168775;-0.62029386;-0.7692341;-0.11958151
-0.061953794;-0.0030225504;0.00067031325;2.980372e-05;1.5578582e-05;0.0031995936;0.00039410783;2.4654094e-07;-1.4954581e-05;-0.12986787;0.10557467;0.25042674;-0.107402876;0.05579655;0.27793148;-0.00013608337;0.00020847711;5.486567e-06;6.7215435e-05;0.2378562;-1.2831413e-05;0.5606247;0.14686029;-0.10092923;0.9594239;0.0039794664;0.0606962;-0.15714689;-4.0358136e-06;0.61090654;0.029171476;-0.0642377;0.9017284;0.10135816;-0.0067953328;-0.1102457;5.600245e-05;3.8825965e-07;-1.0044736e-05;-0.55282253;0.088233605;-0.03678845;0.46767008;-0.16560489;0.017319975;-0.3626121;0.00024396987;1.3038516e-06;-0.67866457;0.08152007;-0.262777;0.6325885;0.16167198;-0.18609379;-0.4723006;-0.97248316;-0.23474573;-0.2625819;0.19784085;0.40526304;-0.68529415;-0.086854436;0.100719765;0.35664552;-0.81006354;-0.040418305;0.16603601;0.3852985;0.0245445;0.0392714;-0.12730491;0.16251165;-0.38431624;-0.12966049;-0.04777157;-0.9917801;-0.9539998;-0.5472389;-0.017734382;-0.012551045;0.6901702;-0.17487463;0.15388857;-0.48251978;0.9417262;-0.8410036;-0.06621193;-0.7819474;-0.98227525;-0.9297688;-0.06348014;-0.7657133;-0.6217008;-0.7628223;-0.12352734
-0.061831426;-0.0030072937;0.00040843282;2.7892413e-05;1.48370455e-05;0.0034185995;0.0004948113;2.2828715e-07;-1.459413e-05;-0.13232408;0.10240539;0.24898224;-0.10929445;0.052766226;0.27549794;-0.00015540588;0.00020454453;6.4712367e-06;7.3152376e-05;0.23712696;-1.3655001e-05;0.5628271;0.14597993;-0.10152345;0.95819443;0.008712982;0.059725426;-0.15480758;-4.720714e-06;0.6104464;0.030166598;-0.06413064;0.8958944;0.09441922;-0.0069382205;-0.110309355;5.315407e-05;2.1743472e-07;-9.532654e-06;-0.55498505;0.08912515;-0.03956946;0.466439;-0.16935664;0.013924326;-0.36751765;0.00023629933;2.0682928e-06;-0.683081;0.08371536;-0.26852995;0.6507195;0.14938799;-0.18781291;-0.48211992;-0.97330695;-0.25847408;-0.2617064;0.2035936;0.39869735;-0.68815786;-0.07482438;0.10566979;0.34719265;-0.8036864;-0.034632612;0.17008767;0.37658513;0.008078458;0.037164655;-0.12979661;0.15570486;-0.3930674;-0.13780163;-0.064771235;-0.99201477;-0.955807;-0.5432967;-0.007650389;-0.014313279;0.68903756;-0.18095066;0.14243008;-0.48464197;0.9420925;-0.8407342;-0.063505486;-0.77810544;-0.9820898;-0.92717254;-0.06519799;-0.75865656;-0.62229747;-0.75543916;-0.124235176
-0.061715793;-0.0029767326;0.00015794812;2.578029e-05;1.4028046e-05;0.003604793;0.0005916225;2.1520202e-07;-1.4195088e-05;-0.1352172;0.09942176;0.2475822;-0.111757174;0.049956225;0.2731776;-0.00017365873;0.00019962987;7.448514e-06;7.887732e-05;0.23639672;-1.4405647e-05;0.5647515;0.14509472;-0.10196082;0.9568301;0.012624186;0.058289982;-0.15285693;-5.3903495e-06;0.6099189;0.03136742;-0.06406543;0.89014804;0.087615155;-0.0071104434;-0.11061713;5.009998e-05;3.7987775e-08;-8.975912e-06;-0.556576;0.0896502;-0.042440366;0.46246022;-0.17297341;0.008493479;-0.3767302;0.00022810162;2.8432114e-06;-0.686001;0.08487577;-0.27335557;0.6644513;0.1398494;-0.18950072;-0.4890755;-0.9740658;-0.27958265;-0.25952825;0.20969059;0.391873;-0.6886182;-0.065855324;0.10922527;0.33675975;-0.7952936;-0.030067725;0.17410402;0.3668798;-0.013488144;0.0349688;-0.1314204;0.14746273;-0.4043467;-0.14607805;-0.07950058;-0.9922466;-0.95719135;-0.53942543;0.0028570958;-0.01552446;0.6872618;-0.19055024;0.1300235;-0.48628277;0.94174385;-0.8411034;-0.060805175;-0.7727238;-0.9817141;-0.92403734;-0.06645582;-0.7502748;-0.62220293;-0.7473835;-0.12200633
-0.061655436;-0.002990048;-7.1184244e-05;2.3765839e-05;1.3271259e-05;0.0037587308;0.00068043097;2.0592995e-07;-1.3778204e-05;-0.13791016;0.09679516;0.24673872;-0.11418569;0.047427073;0.27156365;-0.00019066692;0.00019485604;8.3357445e-06;8.419e-05;0.2358449;-1.5093181e-05;0.5663649;0.14444377;-0.10230616;0.9554405;0.015370504;0.05635328;-0.1515178;-5.981099e-06;0.6092813;0.03237665;-0.063949615;0.8851382;0.081358716;-0.0073471656;-0.11111785;4.71686e-05;-1.3082172e-07;-8.457791e-06;-0.5571565;0.089976564;-0.044932805;0.4552484;-0.17601833;0.00095156726;-0.3882153;0.0002205038;3.5379198e-06;-0.6879228;0.08522127;-0.27713332;0.6737775;0.13300914;-0.18994968;-0.49468628;-0.974706;-0.29654548;-0.25594524;0.21551192;0.38541558;-0.68707174;-0.060419895;0.111605;0.32642093;-0.78521943;-0.027459113;0.17788164;0.3569402;-0.038641296;0.031794664;-0.13245499;0.13834658;-0.41797265;-0.15526292;-0.0917754;-0.9924964;-0.95830333;-0.5363483;0.01246571;-0.016454382;0.6855441;-0.205874;0.11383903;-0.48695064;0.9408222;-0.84228474;-0.057882566;-0.76578856;-0.9812095;-0.9206466;-0.06734521;-0.74065864;-0.6215568;-0.7391778;-0.117374994
-0.06169962;-0.0031017067;-0.00026857574;2.208515e-05;1.2662407e-05;0.0038835201;0.000759518;1.9962249e-07;-1.3358309e-05;-0.13981827;0.09456212;0.24709223;-0.115995735;0.045083415;0.27132455;-0.00020655364;0.00019118836;9.080104e-06;8.903245e-05;0.23567285;-1.5760626e-05;0.5676792;0.14424044;-0.102619275;0.9540374;0.016682064;0.053803768;-0.15087433;-6.449569e-06;0.608512;0.032877944;-0.063678876;0.8813922;0.07563933;-0.0076092733;-0.11176522;4.4585406e-05;-2.7674832e-07;-8.044401e-06;-0.5562712;0.09019323;-0.046825945;0.4440772;-0.1781358;-0.009233752;-0.40019694;0.00021437142;4.0891755e-06;-0.6891315;0.084802665;-0.27971676;0.6785494;0.1284509;-0.18885587;-0.49999347;-0.97520655;-0.3082861;-0.2512902;0.2205078;0.38005635;-0.6840735;-0.05874894;0.112752095;0.31691685;-0.7738384;-0.02792802;0.180983;0.34725064;-0.06599098;0.026675146;-0.13293992;0.1286857;-0.43376493;-0.16614622;-0.10164024;-0.9927733;-0.95930016;-0.534517;0.020292846;-0.017528385;0.6845043;-0.2286427;0.09161715;-0.48652762;0.93936366;-0.8443542;-0.054489262;-0.7572642;-0.9805903;-0.91716903;-0.067838095;-0.72996986;-0.6202242;-0.7312413;-0.1107653
-0.061879583;-0.003346575;-0.0004298076;2.0693871e-05;1.2239383e-05;0.0039805076;0.0008287471;1.9699405e-07;-1.2931145e-05;-0.14072113;0.09263519;0.24922734;-0.11693449;0.04272647;0.27301505;-0.0002217145;0.00018922925;9.68622e-06;9.3512725e-05;0.23605116;-1.6476857e-05;0.568779;0.14462462;-0.10293097;0.952501;0.01636586;0.05045396;-0.15092114;-6.7945657e-06;0.60763377;0.032718286;-0.06317121;0.87913084;0.07013519;-0.00782202;-0.11255072;4.2430518e-05;-4.0348823e-07;-7.760944e-06;-0.55356395;0.09031028;-0.048166033;0.42793348;-0.17934921;-0.022817051;-0.41198862;0.0002101488;4.4989865e-06;-0.6896696;0.08352349;-0.28099227;0.6786702;0.12545624;-0.18691875;-0.505304;-0.97558707;-0.31481108;-0.2461105;0.22445583;0.37638882;-0.68017393;-0.060812604;0.11245726;0.30827108;-0.76134115;-0.03266092;0.18284753;0.33772522;-0.094987534;0.018900322;-0.13252571;0.118250415;-0.45168248;-0.17913997;-0.10906947;-0.99307364;-0.9602828;-0.5341367;0.026168581;-0.01892185;0.68422735;-0.25945872;0.062445477;-0.48511454;0.9371764;-0.84717965;-0.050609674;-0.74696064;-0.97977465;-0.91354823;-0.0678105;-0.7182703;-0.617697;-0.72376627;-0.10225195
-0.06220841;-0.0037360482;-0.00054702576;1.9243453e-05;1.20107725e-05;0.0040484145;0.00088694296;1.994382e-07;-1.2485856e-05;-0.14068636;0.09092909;0.25358954;-0.11702956;0.040200554;0.27704123;-0.00023659709;0.00018934361;1.0165619e-05;9.785531e-05;0.23711386;-1.7332917e-05;0.5697342;0.14566444;-0.103247166;0.9506295;0.014276909;0.04611877;-0.1516526;-7.0282695e-06;0.6067228;0.031845346;-0.062364478;0.87832177;0.064547494;-0.007890058;-0.113461725;4.0728573e-05;-5.2298856e-07;-7.610244e-06;-0.5487465;0.09031759;-0.049101442;0.40587452;-0.18026434;-0.039976873;-0.42384964;0.00020804809;4.810223e-06;-0.6894464;0.08121098;-0.28088897;0.6742473;0.1232165;-0.18512431;-0.5104719;-0.97587585;-0.3174521;-0.24086644;0.22751811;0.3747222;-0.6758429;-0.06608867;0.11087127;0.29985383;-0.74774104;-0.042330187;0.1830711;0.32769877;-0.12599139;0.008293225;-0.13058071;0.10637079;-0.4718303;-0.19382925;-0.113762215;-0.9933847;-0.96130145;-0.53558594;0.030140923;-0.02055009;0.68407875;-0.29744434;0.02663885;-0.4827885;0.93391854;-0.85025823;-0.046991363;-0.7348838;-0.9786166;-0.909651;-0.06735197;-0.70600235;-0.6133425;-0.7170205;-0.09180553
-0.06268616;-0.0042542927;-0.0005990116;1.7179409e-05;1.1972792e-05;0.00408701;0.00093103346;2.0748746e-07;-1.20220575e-05;-0.13982677;0.08942532;0.26038596;-0.11635919;0.03747055;0.28358555;-0.00025161225;0.00019186424;1.0498974e-05;0.00010235646;0.23894978;-1.843433e-05;0.57049274;0.14734767;-0.10356709;0.94821537;0.010397436;0.040657785;-0.15305357;-7.153678e-06;0.6059083;0.0302821;-0.06121632;0.8787414;0.05872507;-0.0076809744;-0.114405766;3.9542923e-05;-6.467599e-07;-7.585273e-06;-0.54160154;0.09022367;-0.049820203;0.3779187;-0.18214448;-0.05969662;-0.43658084;0.00020824304;5.080685e-06;-0.68834335;0.07762914;-0.27947262;0.66591007;0.12093191;-0.1839323;-0.51502466;-0.9760917;-0.31907552;-0.2358979;0.23024395;0.37487447;-0.67158884;-0.07321941;0.108844854;0.29054832;-0.7331539;-0.05652644;0.1816545;0.3160712;-0.15960819;-0.00457192;-0.12649827;0.09231613;-0.4941385;-0.20855145;-0.11517391;-0.9936859;-0.96241486;-0.5395381;0.032101635;-0.022476917;0.68285424;-0.33995286;-0.014277048;-0.47966278;0.9293208;-0.8526527;-0.04554669;-0.7219639;-0.97698814;-0.90551555;-0.067101315;-0.6949253;-0.60689545;-0.71174914;-0.079864286
-0.06329792;-0.0048592254;-0.0005530276;1.407403e-05;1.2124976e-05;0.0041044867;0.0009591232;2.2034442e-07;-1.1569908e-05;-0.13805245;0.08818696;0.26936346;-0.11480363;0.03465741;0.29238543;-0.0002674825;0.00019723695;1.0619755e-05;0.000107319414;0.24154618;-1.9866537e-05;0.5708053;0.14954425;-0.1038974;0.94511443;0.005022649;0.034019943;-0.15505745;-7.147595e-06;0.60528445;0.028190447;-0.05972773;0.88004285;0.05255293;-0.007041909;-0.11518796;3.897485e-05;-7.7398e-07;-7.681301e-06;-0.5321307;0.09002337;-0.05076467;0.34641272;-0.18654983;-0.0803589;-0.45121476;0.00021091568;5.3452386e-06;-0.68632114;0.07244078;-0.27708057;0.65524334;0.117900245;-0.18247488;-0.51810926;-0.9762771;-0.3240442;-0.23155521;0.23336333;0.37584972;-0.66813374;-0.08022348;0.10768727;0.27907687;-0.7181548;-0.074016586;0.17874411;0.30176163;-0.1957257;-0.01857493;-0.12030187;0.075811125;-0.5178773;-0.22053353;-0.11267665;-0.99395454;-0.963721;-0.5463746;0.032061595;-0.025404226;0.6793467;-0.3833502;-0.057889212;-0.47597882;0.9233745;-0.8532674;-0.048946813;-0.71026087;-0.97485375;-0.901458;-0.06835083;-0.68833554;-0.59892744;-0.70915234;-0.067784406
-0.064006716;-0.0054908576;-0.00037881825;1.0206015e-05;1.2538774e-05;0.00412263;0.00097528624;2.3699761e-07;-1.1216471e-05;-0.13492057;0.08731254;0.27955818;-0.11188863;0.032021675;0.30248535;-0.00028556606;0.00020592834;1.0357762e-05;0.00011291472;0.24468608;-2.1620617e-05;0.5702121;0.15196313;-0.10424435;0.9413075;-0.001102665;0.026415054;-0.15752628;-6.911767e-06;0.60475767;0.025924316;-0.057974823;0.88186383;0.045921892;-0.0058528087;-0.11556816;3.9059112e-05;-8.660936e-07;-7.945695e-06;-0.5208228;0.089659356;-0.05280989;0.31696823;-0.19458665;-0.101464815;-0.4683415;0.00021613535;5.529233e-06;-0.68344754;0.065170154;-0.27428046;0.64492625;0.11399652;-0.17836289;-0.5186561;-0.9765372;-0.33753362;-0.22823362;0.23734735;0.37562704;-0.66634953;-0.08556305;0.108280346;0.26436692;-0.70393497;-0.093963824;0.17393611;0.2842614;-0.23281454;-0.032666244;-0.11323086;0.057407342;-0.54134077;-0.22686054;-0.10599314;-0.9941764;-0.9652895;-0.55524015;0.030669557;-0.030989295;0.67330724;-0.42484292;-0.10197272;-0.4719713;0.91635615;-0.85125893;-0.05930347;-0.70205486;-0.9722994;-0.8978909;-0.07287236;-0.6896686;-0.5909102;-0.7102438;-0.05784459
-0.064758;-0.0060794493;-7.93552e-05;6.679329e-06;1.337647e-05;0.004165322;0.0009878529;2.5761653e-07;-1.108506e-05;-0.1298438;0.08674931;0.28920054;-0.10700242;0.029777585;0.3121355;-0.0003069301;0.00021811886;9.441748e-06;0.00011899707;0.24793315;-2.35158e-05;0.5681803;0.15419213;-0.10458396;0.936997;-0.0069139665;0.0184403;-0.1602288;-6.266797e-06;0.6040896;0.023924636;-0.05612548;0.88394105;0.038972966;-0.0040894942;-0.11535575;3.9768274e-05;-8.454881e-07;-8.490577e-06;-0.5087941;0.089126125;-0.056808013;0.29689544;-0.20636348;-0.12419488;-0.4873389;0.00022390176;5.4282136e-06;-0.67975557;0.055315077;-0.27152553;0.63796216;0.11054254;-0.16913287;-0.51588327;-0.97699934;-0.36376837;-0.22610451;0.24226749;0.37154254;-0.6667141;-0.08946175;0.11012396;0.24571809;-0.6919955;-0.11613474;0.16636229;0.26372173;-0.26825324;-0.045971494;-0.10746422;0.038285907;-0.5622677;-0.22556128;-0.09575948;-0.994349;-0.96708506;-0.5639629;0.028960247;-0.041762166;0.6662421;-0.46354836;-0.14526339;-0.4681554;0.90883625;-0.8463009;-0.077236645;-0.69895345;-0.9695482;-0.8951603;-0.08267532;-0.70075184;-0.5850315;-0.71527195;-0.052594382
-0.06549578;-0.0065526296;0.00028213486;4.6049245e-06;1.4719175e-05;0.0042372695;0.0010019598;2.835926e-07;-1.1248048e-05;-0.12275388;0.0862392;0.29635912;-0.10006315;0.0279399;0.31940204;-0.0003307038;0.00023320559;7.712224e-06;0.00012505308;0.2508185;-2.5219539e-05;0.56440187;0.15580791;-0.10484103;0.9326723;-0.011377429;0.010890612;-0.16285641;-5.101887e-06;0.6031784;0.022546664;-0.05441559;0.886148;0.032215215;-0.0019206845;-0.11453353;4.1109473e-05;-6.545015e-07;-9.369454e-06;-0.49765936;0.08863642;-0.06303724;0.29131114;-0.22096014;-0.14979212;-0.5066677;0.00023416788;4.878326e-06;-0.67508614;0.042688772;-0.26884654;0.63625187;0.110320136;-0.15452464;-0.50966066;-0.97771716;-0.40345117;-0.22503367;0.24789049;0.36140442;-0.6686443;-0.09370786;0.11172673;0.22303039;-0.6832751;-0.13988002;0.15576144;0.24062607;-0.2998389;-0.05773192;-0.10492305;0.019613246;-0.5788175;-0.21658674;-0.08363674;-0.99448186;-0.96902996;-0.5702477;0.02756855;-0.06018515;0.66091126;-0.4998228;-0.18702157;-0.46599916;0.9017392;-0.8388284;-0.101873875;-0.70196915;-0.966944;-0.89368975;-0.09920041;-0.72126275;-0.5835482;-0.72378516;-0.05347835
-0.06617086;-0.006847884;0.0006030517;4.321104e-06;1.639899e-05;0.004321083;0.0010167544;3.1526304e-07;-1.1677446e-05;-0.11462372;0.085618526;0.3000874;-0.09202689;0.026477106;0.32333246;-0.0003539969;0.00024952833;5.319016e-06;0.00013041939;0.25308225;-2.6405753e-05;0.559027;0.15646961;-0.10489337;0.92894346;-0.013886168;0.004467783;-0.16506459;-3.5191042e-06;0.6021978;0.022022344;-0.053074412;0.88838416;0.026268879;0.00028022565;-0.11332394;4.307511e-05;-3.0652154e-07;-1.0461896e-05;-0.48919618;0.0886291;-0.07117844;0.30062076;-0.23680891;-0.17766377;-0.52482474;0.00024645415;3.9233128e-06;-0.6690806;0.027726151;-0.26588845;0.6396497;0.11610502;-0.13746275;-0.5003026;-0.97862554;-0.45260343;-0.2251215;0.2535854;0.3447139;-0.6705344;-0.09927216;0.11284916;0.19718091;-0.67737573;-0.16366556;0.14315747;0.21561663;-0.3269867;-0.06779213;-0.10630104;0.0021490941;-0.59002066;-0.2022613;-0.071804136;-0.99458665;-0.9710911;-0.5730613;0.026354346;-0.0866783;0.6592652;-0.5333363;-0.22568166;-0.46787336;0.89610416;-0.83026195;-0.13123657;-0.71165305;-0.9647815;-0.89406264;-0.12203827;-0.74899775;-0.58740216;-0.7349398;-0.05953865
-0.06672604;-0.0069210296;0.00079808227;5.4324046e-06;1.8032326e-05;0.0043977723;0.0010300546;3.47928e-07;-1.2268312e-05;-0.107233666;0.085036665;0.30058748;-0.084658384;0.025513915;0.3241793;-0.00037378605;0.00026476313;2.668734e-06;0.00013465347;0.2547475;-2.6953341e-05;0.55264276;0.15600912;-0.10461276;0.9262878;-0.014380734;-0.00037204288;-0.1665291;-1.795197e-06;0.60148287;0.02253349;-0.052256826;0.8904751;0.021619067;0.0021143279;-0.11207309;4.546246e-05;1.2680539e-07;-1.1502489e-05;-0.4849145;0.089599825;-0.08028118;0.32147822;-0.25215152;-0.20506126;-0.5408352;0.00025934985;2.7928036e-06;-0.66137254;0.011425453;-0.26218623;0.6462538;0.129332;-0.12271017;-0.4878878;-0.97958314;-0.50400835;-0.22697364;0.25856376;0.32298896;-0.67053723;-0.104843035;0.11566951;0.17019805;-0.67268765;-0.18502279;0.13063708;0.1897941;-0.35081026;-0.0764109;-0.11099996;-0.013463181;-0.5958561;-0.18570583;-0.061525017;-0.99465364;-0.9732194;-0.5731769;0.02450001;-0.118280254;0.6609345;-0.5618285;-0.25798544;-0.47624138;0.8925167;-0.82281584;-0.16290592;-0.72778064;-0.96309596;-0.89674246;-0.14874744;-0.7805715;-0.5955099;-0.74761105;-0.0676069
-0.06707216;-0.006742315;0.0008466139;7.181312e-06;1.9125844e-05;0.0044669886;0.0010445053;3.7085613e-07;-1.287245e-05;-0.102405295;0.08482814;0.29852477;-0.07977352;0.025300687;0.3227276;-0.00038850095;0.00027618642;2.9508374e-07;0.00013772902;0.2560242;-2.7017792e-05;0.54607904;0.15446886;-0.103944935;0.9249344;-0.013131271;-0.0035081527;-0.16705379;-2.8424256e-07;0.6013956;0.024263594;-0.05203749;0.8922051;0.018620612;0.0033609718;-0.111054935;4.7679838e-05;5.4841075e-07;-1.2160599e-05;-0.48573035;0.091754064;-0.08894545;0.34955934;-0.2653931;-0.22835466;-0.5541447;0.00027017272;1.8125866e-06;-0.6520405;-0.00485614;-0.2575284;0.6539214;0.14993437;-0.114415035;-0.47140747;-0.98045635;-0.5502573;-0.23100944;0.2625149;0.29892814;-0.6674161;-0.10818595;0.12277568;0.14456607;-0.66708016;-0.20138076;0.12058206;0.16478401;-0.37340555;-0.083605304;-0.11748068;-0.026442356;-0.5973917;-0.16899082;-0.051715624;-0.99465096;-0.9752629;-0.5724906;0.02115421;-0.14977816;0.6639133;-0.58185124;-0.27959195;-0.4926822;0.89082956;-0.81876874;-0.19461632;-0.74911827;-0.9616693;-0.9016588;-0.17564476;-0.81240994;-0.60563076;-0.76041865;-0.07381135
-0.06710068;-0.0062982375;0.00080598035;8.679694e-06;1.9179628e-05;0.0045448975;0.0010663797;3.7302618e-07;-1.3332305e-05;-0.10134586;0.08530872;0.29463276;-0.07856007;0.026064362;0.3198203;-0.00039806264;0.00028125558;-1.2266973e-06;0.00013990924;0.25718725;-2.6912967e-05;0.54018563;0.15203597;-0.1029582;0.92482156;-0.010665334;-0.005181845;-0.16662921;6.4137566e-07;0.6022638;0.027300071;-0.052409053;0.8934555;0.017395148;0.0041200635;-0.11037409;4.891058e-05;8.5437205e-07;-1.2107776e-05;-0.49186382;0.09475569;-0.09614463;0.38152704;-0.27553686;-0.24452595;-0.5642904;0.00027586473;1.3361278e-06;-0.64207405;-0.01946866;-0.25207472;0.6615273;0.1764935;-0.11474529;-0.44865635;-0.98118335;-0.58627784;-0.23657154;0.26585263;0.2753154;-0.6610272;-0.10814437;0.13441432;0.12190332;-0.65852004;-0.21206225;0.11458294;0.1421799;-0.3963704;-0.08958802;-0.12379049;-0.0361829;-0.59656346;-0.15397294;-0.039890658;-0.99455607;-0.97704035;-0.5725447;0.016352134;-0.1764073;0.66636163;-0.59057665;-0.28676853;-0.51711196;0.8906368;-0.81975275;-0.2245013;-0.7735208;-0.96031076;-0.9081266;-0.19843747;-0.84151936;-0.61602247;-0.7719474;-0.074854165
-0.06675339;-0.0056206496;0.0007767088;9.242329e-06;1.7935206e-05;0.004643147;0.001095896;3.528861e-07;-1.3554658e-05;-0.10445806;0.08668648;0.28979003;-0.081363425;0.027891578;0.31628662;-0.0004035447;0.00027993252;-1.4911639e-06;0.00014140189;0.25843796;-2.6935559e-05;0.5355583;0.1489302;-0.101805516;0.92564046;-0.007835698;-0.005908157;-0.16541433;7.2926923e-07;0.6042151;0.031370807;-0.053227708;0.8944544;0.017437326;0.004884327;-0.110023566;4.8829497e-05;9.672804e-07;-1.1174998e-05;-0.5028713;0.09807594;-0.10191256;0.41505507;-0.28267154;-0.25229248;-0.5706797;0.00027576857;1.5997211e-06;-0.6333862;-0.03069729;-0.24599445;0.66852283;0.20575936;-0.12403156;-0.4177794;-0.981798;-0.60985816;-0.24212126;0.26905292;0.25428027;-0.65242696;-0.10516203;0.14804123;0.10241002;-0.6459117;-0.21977124;0.11218236;0.12309687;-0.41930205;-0.09590591;-0.12866147;-0.04273647;-0.59544855;-0.14421079;-0.02558454;-0.9943947;-0.97845405;-0.5734791;0.011197829;-0.19566025;0.6677259;-0.5876459;-0.27878857;-0.54698735;0.8918134;-0.8261945;-0.2504094;-0.7978924;-0.9591307;-0.91509974;-0.21262608;-0.86569226;-0.6263127;-0.7810369;-0.068302
-0.06610115;-0.0048064073;0.0008327898;9.084004e-06;1.5691097e-05;0.004754702;0.0011244116;3.2007586e-07;-1.3596087e-05;-0.11112743;0.0889074;0.28470564;-0.087507434;0.030610695;0.31252515;-0.00040645988;0.00027523443;-6.0658203e-07;0.00014210842;0.25970128;-2.7245245e-05;0.53223616;0.14531444;-0.10060396;0.9269366;-0.005611288;-0.0061884597;-0.16364378;7.287599e-08;0.606876;0.035746556;-0.054221418;0.89567643;0.017818792;0.0063190265;-0.1099667;4.7832124e-05;9.0267713e-07;-9.566094e-06;-0.5175;0.101499066;-0.106922366;0.44802845;-0.28771317;-0.25227574;-0.5725824;0.00027230318;2.478453e-06;-0.6278676;-0.037331253;-0.23926252;0.6736832;0.23274247;-0.14111951;-0.37948048;-0.9823706;-0.62071985;-0.24654269;0.27165788;0.2368185;-0.64341605;-0.10050817;0.16019231;0.085757226;-0.6298244;-0.22887121;0.1105469;0.10827238;-0.44034845;-0.10483115;-0.13255842;-0.04691025;-0.595671;-0.14411576;-0.012518432;-0.9942304;-0.9794194;-0.5747095;0.006690804;-0.20723248;0.66810006;-0.575591;-0.2591732;-0.57725585;0.8940675;-0.8366926;-0.26868153;-0.81845516;-0.9583535;-0.9213906;-0.21453926;-0.883381;-0.6364273;-0.78676564;-0.05277673
-0.06532204;-0.003964911;0.0009794724;9.400188e-06;1.315464e-05;0.0048669847;0.0011463393;2.8303737e-07;-1.3615812e-05;-0.11952097;0.09147307;0.27919915;-0.09517063;0.033735037;0.30795836;-0.0004071822;0.0002690376;8.325733e-07;0.00014178717;0.26063493;-2.7829097e-05;0.52976316;0.14125803;-0.09933456;0.92826253;-0.0046380176;-0.0061310627;-0.16143498;-9.165524e-07;0.6094834;0.03963733;-0.055149827;0.89720374;0.018228238;0.008698242;-0.11015432;4.614897e-05;7.728813e-07;-7.772222e-06;-0.5338381;0.105047874;-0.111403935;0.47913235;-0.29094633;-0.24529031;-0.56945294;0.0002669947;3.5041012e-06;-0.6259036;-0.038996626;-0.23202457;0.67499286;0.2530392;-0.16321433;-0.33728662;-0.9828971;-0.61939305;-0.2500057;0.27256832;0.22292936;-0.63547367;-0.09562147;0.16855644;0.07233633;-0.6120507;-0.2410583;0.10668582;0.09837352;-0.45868325;-0.11669374;-0.136798;-0.049334552;-0.59806305;-0.15541591;-0.0058944565;-0.9940921;-0.9797566;-0.57646114;0.00232407;-0.21219338;0.66690385;-0.55791134;-0.23338033;-0.60253924;0.89641166;-0.84835315;-0.2752293;-0.8322532;-0.9578687;-0.9259972;-0.20347135;-0.89388895;-0.6451431;-0.7884423;-0.029085698
-0.06459183;-0.003169014;0.0011677265;1.1023018e-05;1.0895281e-05;0.0049761874;0.0011642677;2.440902e-07;-1.3715588e-05;-0.1274284;0.09362675;0.2726757;-0.102258906;0.03659489;0.3018117;-0.00040479872;0.00026026263;2.2663735e-06;0.0001403683;0.2609115;-2.8551178e-05;0.5277784;0.13688752;-0.097957745;0.929494;-0.004965668;-0.005575042;-0.15884216;-1.867942e-06;0.61150414;0.042612463;-0.055915788;0.8987517;0.019086277;0.011681911;-0.1105719;4.354812e-05;6.723203e-07;-6.194183e-06;-0.5502487;0.10885406;-0.114851;0.50854087;-0.29164732;-0.23139581;-0.5616924;0.00025891565;4.2840256e-06;-0.62645656;-0.036040902;-0.22492032;0.6711885;0.26519376;-0.18621409;-0.29586193;-0.9833141;-0.60668325;-0.25329635;0.27140987;0.21233046;-0.6291102;-0.09216217;0.17253669;0.063180216;-0.5948273;-0.25414643;0.10020342;0.09404866;-0.47490525;-0.1288464;-0.14177309;-0.049477153;-0.60195315;-0.17503265;-0.008074899;-0.9939606;-0.97931284;-0.5795606;-0.0035530026;-0.21235025;0.6634124;-0.53795385;-0.20643118;-0.6196262;0.89785224;-0.8583825;-0.26847908;-0.838402;-0.9573479;-0.92850006;-0.18264966;-0.89760333;-0.6509228;-0.78597796;-0.0008262711
-0.06402079;-0.0024599843;0.0013296072;1.3533281e-05;9.076495e-06;0.0050849137;0.0011824417;2.0505695e-07;-1.3872035e-05;-0.13325831;0.094811045;0.265088;-0.10734962;0.0386665;0.29410195;-0.00039896337;0.0002479129;3.51161e-06;0.0001380702;0.26034516;-2.9269191e-05;0.5263609;0.13255182;-0.09655157;0.93089163;-0.006101255;-0.004374243;-0.15606149;-2.6748748e-06;0.6128824;0.044682514;-0.05654612;0.9002065;0.020704579;0.014721656;-0.11123981;3.9955565e-05;6.0086313e-07;-4.942267e-06;-0.56589055;0.11293464;-0.116744064;0.53698754;-0.28945115;-0.21124135;-0.5507388;0.00024733978;4.7767826e-06;-0.6284037;-0.029438248;-0.2188081;0.66299874;0.2703875;-0.20599623;-0.25922388;-0.98359036;-0.5837179;-0.25657445;0.26901424;0.20491397;-0.6245045;-0.09159741;0.17267668;0.058897913;-0.58056444;-0.26441193;0.09308488;0.09552706;-0.48824227;-0.13763943;-0.14711273;-0.04617397;-0.6049144;-0.19667792;-0.017825024;-0.99381584;-0.9780933;-0.58411604;-0.011956524;-0.20938273;0.658051;-0.518575;-0.18205784;-0.62798244;0.8981932;-0.86531496;-0.2509896;-0.8378095;-0.9566788;-0.92907846;-0.15775955;-0.8956507;-0.65334576;-0.7800642;0.02678588
-0.06365017;-0.0018625658;0.0014085615;1.5981961e-05;7.6198485e-06;0.00519382;0.0012012054;1.6886872e-07;-1.4006189e-05;-0.13639042;0.09491078;0.25706258;-0.109970234;0.039795555;0.28564042;-0.00039085565;0.00023331365;4.62553e-06;0.00013528724;0.25884622;-2.9895797e-05;0.52573854;0.12872112;-0.09524395;0.9327074;-0.007356966;-0.002418463;-0.15334979;-3.388981e-06;0.6137128;0.046108745;-0.057125296;0.90161276;0.022991963;0.017461957;-0.11210048;3.5816025e-05;5.106849e-07;-3.9524166e-06;-0.5802964;0.11690896;-0.117132254;0.5643342;-0.28489068;-0.18708473;-0.5383213;0.00023348113;5.1372044e-06;-0.6311529;-0.020490233;-0.21423794;0.65249133;0.27058473;-0.21989952;-0.22989528;-0.9837358;-0.55232555;-0.25901666;0.26666316;0.20053004;-0.6219788;-0.09445302;0.16988492;0.059105866;-0.57119757;-0.26888114;0.0876383;0.10235954;-0.49548122;-0.1406998;-0.15274405;-0.03877176;-0.60391974;-0.21466978;-0.032381464;-0.99365085;-0.9762284;-0.5890742;-0.022259444;-0.20417044;0.65234804;-0.5011874;-0.16189326;-0.628903;0.8979279;-0.86908555;-0.22830284;-0.8321929;-0.95603436;-0.92818874;-0.13426356;-0.88929224;-0.6529578;-0.7718711;0.049006652
-0.06346232;-0.0013916045;0.0013796473;1.7743325e-05;6.4049964e-06;0.0052922834;0.0012146153;1.3784995e-07;-1.4054676e-05;-0.13718747;0.09414646;0.24949302;-0.11055612;0.040119674;0.27755165;-0.00038175881;0.00021929297;5.696318e-06;0.00013229818;0.25644863;-3.0338248e-05;0.526001;0.1257392;-0.094120905;0.93491787;-0.00827404;0.00028292648;-0.15086253;-4.075133e-06;0.6140166;0.04713051;-0.05774744;0.90291345;0.025827846;0.01972007;-0.11298368;3.1962132e-05;3.670866e-07;-3.137422e-06;-0.5930349;0.12025112;-0.116391204;0.5891286;-0.27871934;-0.16166098;-0.5261878;0.0002199634;5.501206e-06;-0.63455117;-0.010174189;-0.21135525;0.641727;0.26749372;-0.22762565;-0.2085864;-0.9837573;-0.5152906;-0.25961173;0.2651424;0.19859132;-0.6214483;-0.100211605;0.16499402;0.062665366;-0.5669383;-0.2665266;0.08533238;0.11362731;-0.49386168;-0.13763717;-0.15885691;-0.027477138;-0.5971499;-0.2266795;-0.049278565;-0.99346477;-0.9739056;-0.59284973;-0.03264773;-0.19706959;0.64807725;-0.4856422;-0.14522262;-0.62465274;0.8977596;-0.8705163;-0.20587562;-0.8233806;-0.95566803;-0.9263056;-0.11515299;-0.8796159;-0.6504857;-0.76263773;0.06334064
-0.06340171;-0.0010480516;0.001254303;1.8630293e-05;5.3260883e-06;0.0053605363;0.0012128481;1.12793714e-07;-1.39814365e-05;-0.13657229;0.09286639;0.24304712;-0.11001371;0.039911628;0.27071747;-0.00037182058;0.00020846556;6.7890796e-06;0.00012908987;0.25332534;-3.0484029e-05;0.5270996;0.12371148;-0.093232915;0.93735665;-0.008690791;0.0035342067;-0.14867193;-4.7786743e-06;0.6138096;0.04788295;-0.058498446;0.9039443;0.029245205;0.021313053;-0.113722645;2.9246032e-05;1.5772821e-07;-2.4276378e-06;-0.60379857;0.12266471;-0.11469828;0.6095523;-0.27156278;-0.13677385;-0.5160383;0.00020944022;5.9378217e-06;-0.6386258;0.0010610238;-0.2101059;0.63215125;0.26250607;-0.2306779;-0.19431731;-0.98364127;-0.47608832;-0.2579493;0.26454768;0.1981761;-0.622171;-0.107857816;0.15869957;0.068243325;-0.5660392;-0.25818685;0.0867003;0.12825173;-0.48317507;-0.12944792;-0.16559725;-0.013053777;-0.5847164;-0.23329796;-0.06689537;-0.9932535;-0.9713152;-0.5942234;-0.04112711;-0.18834354;0.6465823;-0.4709008;-0.12976213;-0.6176217;0.89822185;-0.87062746;-0.18675846;-0.81299603;-0.9557571;-0.9238279;-0.10054813;-0.86751604;-0.6465643;-0.753399;0.06981933
-0.06340381;-0.0008191755;0.0010660201;1.8697698e-05;4.3025357e-06;0.0053809783;0.0011877387;9.343478e-08;-1.37711395e-05;-0.13543674;0.091415964;0.23805188;-0.10916495;0.039464816;0.26561692;-0.00036039154;0.00020235647;7.947383e-06;0.00012546632;0.2497296;-3.0255338e-05;0.52891666;0.12258368;-0.092617884;0.9398919;-0.008605782;0.0070058913;-0.14684224;-5.5295386e-06;0.613187;0.04843286;-0.05942815;0.9045677;0.033250052;0.022045795;-0.11424418;2.8231712e-05;-1.1679367e-07;-1.7713464e-06;-0.6124903;0.124153756;-0.11192457;0.62450886;-0.2639966;-0.11316046;-0.5090849;0.00020362154;6.474671e-06;-0.64336634;0.012948654;-0.21033369;0.6246389;0.2568102;-0.2309266;-0.18527365;-0.98336774;-0.4381781;-0.2542782;0.2646182;0.19844529;-0.62317866;-0.116448775;0.1515192;0.07472511;-0.5659817;-0.24564718;0.09149619;0.14516644;-0.46518427;-0.1177696;-0.17312013;0.0035500822;-0.5680363;-0.23621944;-0.08438926;-0.9930099;-0.9686266;-0.5927726;-0.046322677;-0.17820667;0.6484666;-0.45565072;-0.1130402;-0.609582;0.89953995;-0.8701562;-0.1715711;-0.80231184;-0.95637995;-0.92106366;-0.08895438;-0.85374403;-0.6418364;-0.74490285;0.06999722
-0.06341686;-0.00068528356;0.00085054536;1.8104096e-05;3.2962416e-06;0.0053452095;0.0011364478;7.9686174e-08;-1.3428864e-05;-0.13434918;0.09007588;0.23466064;-0.10849643;0.039011557;0.26248345;-0.00034688372;0.00020133199;9.182928e-06;0.00012127133;0.24592496;-2.9634837e-05;0.53129715;0.12224528;-0.09229751;0.94245285;-0.008097163;0.010326942;-0.14544815;-6.3360058e-06;0.61231494;0.048794948;-0.060524218;0.9047512;0.037672803;0.021800287;-0.114557356;2.9100302e-05;-4.464091e-07;-1.1434604e-06;-0.61921525;0.12492831;-0.10789219;0.63391864;-0.25656617;-0.090999186;-0.5057072;0.00020306766;7.1079703e-06;-0.64863974;0.025120744;-0.2117508;0.61966085;0.25136915;-0.22968754;-0.17981288;-0.98292893;-0.4043597;-0.24923265;0.2649621;0.19883001;-0.6237215;-0.12538892;0.1437144;0.08128267;-0.5647649;-0.23087561;0.09891475;0.16325898;-0.4424765;-0.10452723;-0.1815467;0.02131146;-0.5489542;-0.23719247;-0.10148408;-0.99273235;-0.9659903;-0.5887826;-0.047805317;-0.16679521;0.653513;-0.43881854;-0.09354638;-0.6014081;0.9016852;-0.8694551;-0.15965086;-0.79220265;-0.957543;-0.9182376;-0.07866077;-0.8389708;-0.63702965;-0.73762506;0.065903485
-0.063408904;-0.0006237518;0.000633506;1.705729e-05;2.3210596e-06;0.0052546673;0.0010617803;7.2287435e-08;-1.2981749e-05;-0.13357623;0.08903943;0.23290923;-0.10820275;0.03869973;0.26135445;-0.0003313017;0.00020490447;1.04618375e-05;0.000116526186;0.24213842;-2.865526e-05;0.5340642;0.12256277;-0.09226559;0.94499135;-0.007254497;0.013195483;-0.14454757;-7.1766117e-06;0.61137176;0.048952926;-0.061720543;0.9045572;0.042193294;0.020583045;-0.11471042;3.1709853e-05;-8.109564e-07;-5.516049e-07;-0.6242333;0.12527525;-0.10259795;0.6384519;-0.24972981;-0.070351295;-0.50551313;0.00020743672;7.802941e-06;-0.6541931;0.037083484;-0.21396998;0.6173862;0.24678986;-0.22761296;-0.1770171;-0.98233795;-0.37649083;-0.24359967;0.26514244;0.19901933;-0.62344444;-0.13438688;0.13539715;0.0872803;-0.5614255;-0.21563804;0.10790987;0.1812958;-0.41781434;-0.091662765;-0.19078545;0.039130658;-0.5292299;-0.23766205;-0.11816258;-0.9924284;-0.9635368;-0.582924;-0.045963075;-0.15423667;0.6608431;-0.4198856;-0.071057715;-0.59325045;0.90447927;-0.8685938;-0.15001512;-0.78318465;-0.9591966;-0.9155058;-0.068489455;-0.8238399;-0.6328837;-0.7318053;0.05940318
-0.063364476;-0.0006108595;0.00042694612;1.5767873e-05;1.424196e-06;0.0051184627;0.0009704174;7.2269245e-08;-1.2471981e-05;-0.13320637;0.08841014;0.23264964;-0.10831689;0.038608532;0.26201007;-0.0003142859;0.00021208756;1.1717057e-05;0.000111432084;0.23853181;-2.7385206e-05;0.5370415;0.12337941;-0.09248577;0.94746405;-0.006122264;0.015466064;-0.14415139;-8.008923e-06;0.61049736;0.048893835;-0.06293151;0.90409774;0.04647216;0.01851197;-0.11475898;3.570211e-05;-1.1840675e-06;-2.4025212e-08;-0.62788475;0.12544599;-0.09625905;0.63914406;-0.24381532;-0.051382657;-0.5076401;0.00021580578;8.505711e-06;-0.6597244;0.04832521;-0.21660867;0.6177194;0.24327043;-0.22496507;-0.17668395;-0.9816266;-0.3554266;-0.23814163;0.26478598;0.19894435;-0.62235767;-0.14320819;0.1267747;0.0922486;-0.5558987;-0.20126814;0.1175068;0.19803588;-0.39383456;-0.080778174;-0.20045137;0.055918045;-0.5103782;-0.23862848;-0.13439734;-0.99211484;-0.9613736;-0.5759418;-0.041632682;-0.14074178;0.6692797;-0.39889792;-0.046287823;-0.5849134;0.90769565;-0.8675001;-0.14181857;-0.77551657;-0.96124053;-0.9129786;-0.057983518;-0.80898803;-0.6299568;-0.7274698;0.05187395
-0.06327932;-0.00062464585;0.0002324176;1.438288e-05;6.48055e-07;0.004950637;0.0008706609;7.993526e-08;-1.194248e-05;-0.13323703;0.08821076;0.23353942;-0.108799875;0.038766593;0.26398674;-0.00029687042;0.00022166729;1.2884557e-05;0.00010629394;0.23519325;-2.5920963e-05;0.54007965;0.124529965;-0.09290228;0.94983035;-0.0047115646;0.01716155;-0.14421894;-8.792762e-06;0.6097752;0.04862922;-0.06408214;0.90349007;0.05027648;0.015783409;-0.11475039;4.0599996e-05;-1.5419646e-06;4.1539897e-07;-0.6305007;0.12559986;-0.08924521;0.63710165;-0.2390092;-0.034414794;-0.51107913;0.00022691966;9.169802e-06;-0.6649858;0.058431447;-0.21936202;0.6203224;0.24068896;-0.22188963;-0.17900206;-0.9808404;-0.34107512;-0.23343697;0.26369682;0.1987533;-0.62071174;-0.15146965;0.11828517;0.0959458;-0.54863936;-0.18853202;0.12697372;0.21246687;-0.37281245;-0.07284056;-0.20996255;0.0707508;-0.49365017;-0.24060589;-0.15003175;-0.99181384;-0.959587;-0.56848836;-0.035754226;-0.12660645;0.6777278;-0.37630275;-0.020392066;-0.57619476;0.91113126;-0.8660835;-0.1344864;-0.7693022;-0.9635338;-0.9107477;-0.047294807;-0.79501104;-0.628454;-0.7244527;0.04412128
-0.063157074;-0.0006483084;4.6910252e-05;1.2955046e-05;8.119969e-09;0.0047673443;0.00077067857;9.4306074e-08;-1.1425109e-05;-0.13360116;0.08839815;0.2351251;-0.109567985;0.03916077;0.26669562;-0.00028019762;0.0002323911;1.392985e-05;0.00010143748;0.23215029;-2.4375368e-05;0.54307365;0.12586944;-0.093456365;0.9520529;-0.0030560305;0.018419018;-0.14467962;-9.506824e-06;0.6092372;0.048193876;-0.06511959;0.90282774;0.053527627;0.012640407;-0.11471778;4.5887795e-05;-1.8696155e-06;7.620547e-07;-0.6323407;0.12580569;-0.08197262;0.63331944;-0.23535487;-0.019873336;-0.5149153;0.00023939465;9.773008e-06;-0.66984767;0.06713745;-0.22202328;0.6246754;0.23875153;-0.21855521;-0.18421274;-0.9800301;-0.33263266;-0.2297682;0.2618943;0.19870116;-0.61885643;-0.15865394;0.110513724;0.0984006;-0.54027975;-0.17765951;0.13582096;0.22399525;-0.35639504;-0.06811283;-0.2187382;0.08301022;-0.47998068;-0.24367931;-0.16481262;-0.9915491;-0.95824105;-0.56109166;-0.029178873;-0.112138234;0.68539387;-0.3527957;0.0053406404;-0.5670602;0.9146298;-0.8643206;-0.12771676;-0.7645328;-0.9659153;-0.9088945;-0.03694864;-0.7823831;-0.6282081;-0.7224455;0.036484525
-0.06300763;-0.0006719887;-0.0001323605;1.1483324e-05;-5.023321e-07;0.004584213;0.00067744404;1.13331794e-07;-1.0939082e-05;-0.13417207;0.088878065;0.23694776;-0.110491745;0.039739855;0.26955554;-0.00026529565;0.00024311568;1.4845718e-05;9.715175e-05;0.22939417;-2.2859022e-05;0.5459578;0.12729105;-0.094095916;0.9540951;-0.0012465279;0.019417355;-0.14545633;-1.0145755e-05;0.6088762;0.047633667;-0.06601228;0.9021669;0.05627001;0.009340205;-0.11467732;5.1082203e-05;-2.1598607e-06;1.0252115e-06;-0.63357586;0.12606646;-0.074810505;0.628588;-0.23275648;-0.008166768;-0.51846105;0.0002519172;1.0311836e-05;-0.6742936;0.07432279;-0.22449578;0.6301721;0.23710386;-0.2151709;-0.19241628;-0.9792397;-0.3289518;-0.22711211;0.25955573;0.19899017;-0.6171164;-0.16428141;0.10398063;0.09986277;-0.531418;-0.16851921;0.14371778;0.23250362;-0.34537652;-0.06629217;-0.22638193;0.09245121;-0.46987793;-0.24762945;-0.17850076;-0.99134064;-0.95736545;-0.55416656;-0.022602802;-0.09760615;0.6918247;-0.32923436;0.029612528;-0.557658;0.91806644;-0.86228293;-0.12143612;-0.76108783;-0.9682294;-0.90747434;-0.027583169;-0.77137035;-0.6288117;-0.7210826;0.02904445
-0.0628451;-0.00069209456;-0.00030601723;9.977841e-06;-8.9150853e-07;0.004413987;0.0005961171;1.3458839e-07;-1.0496777e-05;-0.13479036;0.08952172;0.23861788;-0.11141749;0.040421564;0.2720874;-0.0002529115;0.00025292492;1.5631842e-05;9.365093e-05;0.226902;-2.1459193e-05;0.54868907;0.12872323;-0.09477631;0.95591986;0.00058568065;0.02031654;-0.14647141;-1.07070955e-05;0.60865575;0.04699485;-0.06674601;0.9015214;0.05860204;0.006118813;-0.11462746;5.5796514e-05;-2.4088367e-06;1.2137316e-06;-0.63430446;0.12634194;-0.06803459;0.62346303;-0.23099336;0.0004645138;-0.5212996;0.00026342488;1.078489e-05;-0.67836404;0.079987966;-0.22680105;0.636221;0.23538224;-0.21192616;-0.20351085;-0.9784978;-0.3288694;-0.22522403;0.2569261;0.19966346;-0.6157023;-0.16806968;0.0989655;0.100687325;-0.52252823;-0.16079934;0.15044472;0.2382824;-0.33966228;-0.06673133;-0.23275813;0.099194705;-0.46334532;-0.25208095;-0.1909677;-0.9912009;-0.95693994;-0.54800564;-0.0165438;-0.083269484;0.69684184;-0.30656546;0.051228724;-0.5482581;0.92133224;-0.8601055;-0.11571084;-0.75874823;-0.97035235;-0.90649027;-0.019702544;-0.76200646;-0.62981015;-0.7200326;0.021829056
-0.06268452;-0.00070892303;-0.000472634;8.493429e-06;-1.1594675e-06;0.0042649526;0.0005296738;1.55993e-07;-1.0107848e-05;-0.13531327;0.09019079;0.23986351;-0.11221202;0.041108385;0.27397156;-0.00024340299;0.00026120892;1.6283186e-05;9.1047914e-05;0.22465234;-2.0227097e-05;0.55123025;0.13011597;-0.095458;0.9574946;0.002311853;0.021221273;-0.14763975;-1.1183889e-05;0.60852325;0.046318863;-0.06732085;0.90087193;0.0606154;0.003160682;-0.114554;5.9785267e-05;-2.6132257e-06;1.3286772e-06;-0.6345796;0.12656635;-0.061828803;0.6182804;-0.22976063;0.00605965;-0.52326;0.00027323182;1.1184311e-05;-0.6820967;0.08423271;-0.22905596;0.6423195;0.23324206;-0.20892301;-0.21720035;-0.97781557;-0.331389;-0.2237688;0.25425246;0.20061219;-0.61467946;-0.16997921;0.095476806;0.10121098;-0.5139447;-0.1541283;0.15591028;0.24186993;-0.33847374;-0.06866262;-0.23795298;0.10363454;-0.45993775;-0.256642;-0.20223644;-0.99113005;-0.9568942;-0.54276145;-0.011318035;-0.069428846;0.70045036;-0.28570908;0.06926255;-0.5391693;0.9243312;-0.8579304;-0.11063793;-0.7572492;-0.9722094;-0.90588737;-0.013515986;-0.75414723;-0.63085085;-0.7190585;0.014932963
-0.062538974;-0.0007241217;-0.00062950735;7.1073882e-06;-1.3029785e-06;0.004140713;0.00047890563;1.7618754e-07;-9.779003e-06;-0.1356503;0.09076841;0.24055918;-0.112794295;0.041711;0.27507854;-0.00023674146;0.00026769046;1.679326e-05;8.9348694e-05;0.2226321;-1.917997e-05;0.553546;0.13143124;-0.09610695;0.9587995;0.003839684;0.022172075;-0.14886804;-1.1568409e-05;0.6084253;0.045640163;-0.0677476;0.90018386;0.06236564;0.00058262405;-0.11444056;6.29531e-05;-2.7712304e-06;1.3675308e-06;-0.63443536;0.12666778;-0.056307882;0.61320543;-0.22873208;0.008939668;-0.52435195;0.0002810578;1.1499564e-05;-0.685502;0.08722769;-0.23141117;0.6480964;0.23040377;-0.20615534;-0.23303099;-0.97719055;-0.33572602;-0.22244135;0.2517487;0.20165862;-0.61400235;-0.17015629;0.09334594;0.101670064;-0.50587416;-0.14816147;0.16016303;0.24386458;-0.3406913;-0.07138309;-0.24217567;0.106290855;-0.45894948;-0.26100639;-0.21245499;-0.99111915;-0.9571273;-0.53846276;-0.0070398026;-0.056422077;0.702758;-0.2674218;0.083194435;-0.53066725;0.9269897;-0.85586715;-0.10627112;-0.7563418;-0.97377485;-0.9055743;-0.008931826;-0.74756956;-0.63173646;-0.7180363;0.008524098
-0.06241793;-0.0007392119;-0.0007732271;5.883281e-06;-1.3241661e-06;0.0040412666;0.00044287232;1.9451704e-07;-9.512689e-06;-0.13576646;0.0911826;0.24072498;-0.11313689;0.04216733;0.27545676;-0.00023262863;0.00027238956;1.716279e-05;8.847421e-05;0.2208373;-1.831365e-05;0.5556083;0.13264105;-0.09669786;0.9598316;0.005121858;0.023158904;-0.15006499;-1.18582975e-05;0.60832065;0.044985145;-0.06804268;0.89942825;0.06387211;-0.0015645552;-0.114277735;6.53264e-05;-2.8839786e-06;1.3306708e-06;-0.6339018;0.12658887;-0.051537413;0.6082917;-0.227624;0.00960656;-0.5246877;0.0002869595;1.1725351e-05;-0.68856865;0.08917462;-0.23398049;0.65331674;0.2267047;-0.20354664;-0.2504413;-0.9766157;-0.34127957;-0.2210402;0.24957505;0.20264529;-0.6135799;-0.16884501;0.092344746;0.10217641;-0.4984152;-0.14264734;0.16335599;0.244781;-0.34517738;-0.07437049;-0.24566;0.10766993;-0.45964023;-0.2649959;-0.2218304;-0.9911545;-0.9575382;-0.5350593;-0.0036636572;-0.04455558;0.703919;-0.25218847;0.09293258;-0.52294284;0.92926615;-0.8539834;-0.102613226;-0.75582594;-0.97505975;-0.9054578;-0.005678648;-0.7420524;-0.6324047;-0.71693283;0.0027777816
